2 0.05 0.84375 0.028125 0.07890625 
2 0.34609375 0.8390625 0.02109375 0.03984375 
2 0.34296875 0.8734375 0.03125 0.09140625 
7 0.48671875 0.68359375 0.01796875 0.01484375 
2 0.48984375 0.8296875 0.01015625 0.0296875 
2 0.43828125 0.83046875 0.01015625 0.02578125 
2 0.2625 0.84296875 0.01640625 0.04453125 
2 0.35859375 0.8359375 0.01171875 0.028125 
2 0.45703125 0.8296875 0.015625 0.02578125 
7 0.4453125 0.6859375 0.01796875 0.015625 
2 0.509375 0.82890625 0.0140625 0.025 
2 0.3921875 0.834375 0.01796875 0.02890625 
2 0.375 0.83203125 0.01953125 0.03359375 
2 0.42890625 0.83125 0.01484375 0.0296875 
2 0.47890625 0.82890625 0.01953125 0.03515625 
2 0.309375 0.87265625 0.08671875 0.11796875 
2 0.178125 0.8234375 0.02265625 0.0453125 
17 0.71640625 0.7796875 0.0046875 0.01875 
