7 0.446875 0.6546875 0.0109375 0.01640625 
2 0.1765625 0.859375 0.0359375 0.065625 
2 0.378125 0.85703125 0.01484375 0.0296875 
2 0.4796875 0.84765625 0.01171875 0.03203125 
2 0.1921875 0.8640625 0.01796875 0.0453125 
2 0.41171875 0.8453125 0.0125 0.040625 
2 0.45390625 0.84609375 0.01171875 0.02578125 
2 0.203125 0.86171875 0.01015625 0.0296875 
2 0.40234375 0.84375 0.02578125 0.05078125 
2 0.1203125 0.85546875 0.02265625 0.059375 
7 0.4546875 0.65390625 0.02421875 0.01796875 
5 0.40234375 0.84453125 0.02734375 0.05390625 
2 0.1515625 0.85625 0.07890625 0.07578125 
7 0.40078125 0.65625 0.025 0.0203125 
2 0.46875 0.8484375 0.0203125 0.0359375 
2 0.434375 0.846875 0.01640625 0.03125 
17 0.7453125 0.784375 0.00546875 0.02890625 
