7 0.51953125 0.7375 0.021875 0.01171875 
7 0.4484375 0.61171875 0.03984375 0.0296875 
2 0.4859375 0.86171875 0.01875 0.0390625 
2 0.23203125 0.85546875 0.02421875 0.05 
2 0.4265625 0.86875 0.01796875 0.03359375 
2 0.81796875 0.83671875 0.01953125 0.03203125 
2 0.5625 0.84296875 0.01484375 0.03203125 
2 0.83359375 0.83359375 0.02421875 0.0390625 
2 0.13515625 0.9 0.26875 0.1984375 
2 0.59296875 0.88125 0.065625 0.0984375 
17 0.6609375 0.796875 0.00625 0.03359375 
17 0.746875 0.746875 0.0140625 0.0546875 
15 0.58515625 0.60859375 0.04296875 0.0234375 
