2 0.215625 0.8203125 0.0140625 0.028125 
2 0.36953125 0.85703125 0.03515625 0.0546875 
2 0.32109375 0.86328125 0.02578125 0.0765625 
2 0.23671875 0.80859375 0.01015625 0.021875 
2 0.325 0.82109375 0.01484375 0.028125 
2 0.45703125 0.81171875 0.0125 0.025 
2 0.4796875 0.84375 0.02890625 0.05390625 
2 0.2984375 0.86640625 0.04921875 0.08203125 
2 0.57265625 0.8421875 0.02734375 0.04375 
2 0.52734375 0.846875 0.02265625 0.040625 
7 0.54609375 0.7265625 0.01640625 0.00859375 
7 0.5515625 0.73671875 0.01015625 0.00625 
7 0.50625 0.728125 0.01796875 0.01015625 
