2 0.58984375 0.84765625 0.01171875 0.03203125 
2 0.24140625 0.8515625 0.0171875 0.03203125 
2 0.01484375 0.88125 0.02890625 0.08125 
2 0.31875 0.86796875 0.0203125 0.05546875 
2 0.2234375 0.84921875 0.01171875 0.0265625 
2 0.5453125 0.8359375 0.00546875 0.01484375 
2 0.53359375 0.83671875 0.00703125 0.015625 
2 0.078125 0.87578125 0.02734375 0.06953125 
2 0.1359375 0.88125 0.08359375 0.09296875 
2 0.09921875 0.8828125 0.02421875 0.065625 
2 0.409375 0.85078125 0.01328125 0.03203125 
2 0.4234375 0.84921875 0.02265625 0.0359375 
2 0.17265625 0.8796875 0.03046875 0.0796875 
2 0.33671875 0.86328125 0.046875 0.06875 
2 0.7921875 0.84296875 0.01328125 0.0296875 
2 0.5796875 0.84765625 0.02265625 0.03828125 
2 0.35234375 0.86328125 0.0234375 0.0609375 
2 0.296875 0.875 0.0265625 0.06328125 
2 0.38671875 0.85859375 0.0375 0.0515625 
2 0.040625 0.88125 0.0640625 0.090625 
