11 0.7828125 0.27421875 0.0890625 0.08046875 
2 0.60859375 0.8359375 0.01171875 0.03203125 
2 0.83984375 0.82578125 0.028125 0.04453125 
2 0.92890625 0.80390625 0.0171875 0.046875 
2 0.884375 0.81796875 0.025 0.05 
2 0.78203125 0.83828125 0.02265625 0.0453125 
2 0.7375 0.83828125 0.01640625 0.0484375 
2 0.96875 0.79296875 0.02421875 0.03828125 
2 0.91484375 0.80703125 0.03515625 0.0546875 
2 0.575 0.8578125 0.06015625 0.103125 
2 0.68515625 0.85859375 0.04609375 0.07109375 
2 0.71875 0.8484375 0.0265625 0.06015625 
17 0.28671875 0.78828125 0.00859375 0.04765625 
