2 0.63125 0.88125 0.02734375 0.04609375 
2 0.909375 0.840625 0.03046875 0.046875 
2 0.78984375 0.84765625 0.0109375 0.034375 
2 0.54296875 0.88984375 0.01796875 0.0515625 
2 0.653125 0.87578125 0.0234375 0.05390625 
2 0.8296875 0.8359375 0.01328125 0.0265625 
2 0.70234375 0.8703125 0.02109375 0.05 
2 0.8171875 0.83828125 0.01015625 0.02421875 
2 0.59140625 0.88984375 0.021875 0.0484375 
2 0.40546875 0.8796875 0.01328125 0.03671875 
2 0.77890625 0.8484375 0.028125 0.03984375 
2 0.728125 0.8609375 0.02890625 0.05546875 
2 0.7453125 0.85625 0.01640625 0.0484375 
2 0.52421875 0.89765625 0.03125 0.06171875 
2 0.48671875 0.90703125 0.05078125 0.078125 
2 0.36796875 0.90390625 0.06640625 0.1109375 
17 0.059375 0.81171875 0.009375 0.05078125 
11 0.6171875 0.2109375 0.1109375 0.115625 
