2 0.6125 0.84453125 0.01171875 0.0234375 
2 0.24921875 0.890625 0.0234375 0.06796875 
2 0.51640625 0.8640625 0.0171875 0.05 
2 0.4515625 0.875 0.0515625 0.0609375 
2 0.4703125 0.87421875 0.0203125 0.05546875 
2 0.13671875 0.859375 0.01796875 0.04296875 
2 0.55859375 0.85703125 0.01015625 0.03671875 
2 0.346875 0.884375 0.02109375 0.05546875 
2 0.4 0.878125 0.03203125 0.06328125 
2 0.5015625 0.8640625 0.03984375 0.059375 
2 0.296875 0.8796875 0.0234375 0.05546875 
2 0.5953125 0.846875 0.01796875 0.03046875 
2 0.578125 0.8484375 0.01328125 0.02578125 
2 0.27109375 0.8890625 0.03515625 0.06953125 
2 0.54609375 0.8578125 0.03125 0.0453125 
2 0.22265625 0.89921875 0.06171875 0.0890625 
2 0.09140625 0.88203125 0.07421875 0.128125 
