2 0.215625 0.8890625 0.0359375 0.08671875 
2 0.4546875 0.8671875 0.0390625 0.07109375 
2 0.4859375 0.85 0.00859375 0.01640625 
2 0.54375 0.84765625 0.0078125 0.0234375 
2 0.14375 0.87890625 0.01484375 0.02578125 
2 0.30234375 0.87109375 0.0109375 0.0203125 
2 0.103125 0.88203125 0.01328125 0.02890625 
2 0.50703125 0.8484375 0.00703125 0.01640625 
2 0.53359375 0.85546875 0.02109375 0.03359375 
2 0.13203125 0.88125 0.015625 0.02890625 
2 0.403125 0.909375 0.10546875 0.121875 
2 0.190625 0.8890625 0.08515625 0.1015625 
2 0.23125 0.87421875 0.01953125 0.0546875 
2 0.05 0.89921875 0.09921875 0.15703125 
