2 0.81171875 0.84453125 0.01328125 0.03125 
2 0.5671875 0.8390625 0.00703125 0.01484375 
2 0.603125 0.85 0.02578125 0.03671875 
2 0.11015625 0.88125 0.02734375 0.075 
2 0.3828125 0.8625 0.03671875 0.06171875 
2 0.40078125 0.86171875 0.02109375 0.05546875 
2 0.35234375 0.871875 0.02265625 0.05703125 
2 0.46171875 0.85078125 0.015625 0.028125 
2 0.47890625 0.8484375 0.01953125 0.03515625 
2 0.26484375 0.87578125 0.02890625 0.06640625 
2 0.071875 0.8921875 0.075 0.096875 
2 0.16796875 0.87421875 0.02734375 0.06171875 
2 0.43359375 0.85859375 0.03359375 0.0484375 
2 0.1359375 0.88203125 0.0421875 0.0765625 
