2 0.928125 0.8484375 0.02578125 0.04609375 
2 0.4109375 0.8765625 0.01015625 0.021875 
2 0.9671875 0.84375 0.0171875 0.0390625 
2 0.2140625 0.88515625 0.0296875 0.0390625 
2 0.3578125 0.88046875 0.00859375 0.0296875 
2 0.36953125 0.88046875 0.01015625 0.0265625 
2 0.3046875 0.88125 0.01015625 0.034375 
2 0.36484375 0.88046875 0.01484375 0.028125 
2 0.2421875 0.8859375 0.0171875 0.0359375 
2 0.7546875 0.87109375 0.01328125 0.0296875 
2 0.7703125 0.86796875 0.02421875 0.06484375 
2 0.27265625 0.88359375 0.01796875 0.034375 
7 0.3203125 0.5296875 0.06484375 0.04453125 
2 0.35078125 0.88125 0.01328125 0.03828125 
2 0.29140625 0.884375 0.02578125 0.0390625 
7 0.3890625 0.7359375 0.02109375 0.01796875 
7 0.18828125 0.5359375 0.06015625 0.040625 
2 0.3234375 0.8734375 0.03203125 0.05859375 
2 0.3953125 0.87890625 0.01796875 0.028125 
