2 0.2125 0.88671875 0.02734375 0.03671875 
2 0.58203125 0.8421875 0.01484375 0.03828125 
2 0.0265625 0.8765625 0.01796875 0.03359375 
2 0.0203125 0.9453125 0.040625 0.10390625 
2 0.5265625 0.90859375 0.0234375 0.065625 
2 0.92734375 0.84921875 0.0265625 0.04609375 
2 0.35859375 0.88046875 0.009375 0.02890625 
2 0.24140625 0.88515625 0.01875 0.03671875 
2 0.8984375 0.84765625 0.05 0.07109375 
2 0.3046875 0.88203125 0.0109375 0.0359375 
2 0.27265625 0.88359375 0.0171875 0.03515625 
2 0.3703125 0.88046875 0.01328125 0.0265625 
2 0.2921875 0.884375 0.02734375 0.0390625 
2 0.35 0.88046875 0.01328125 0.0390625 
7 0.32109375 0.5296875 0.06484375 0.04453125 
7 0.3890625 0.7359375 0.021875 0.01796875 
7 0.18828125 0.53671875 0.06015625 0.03984375 
2 0.32265625 0.87421875 0.0296875 0.05703125 
2 0.41875 0.89765625 0.06328125 0.103125 
