2 0.80625 0.8625 0.02734375 0.0546875 
2 0.22734375 0.88671875 0.01796875 0.0359375 
2 0.3046875 0.88125 0.0109375 0.03515625 
2 0.79296875 0.865625 0.01953125 0.0453125 
2 0.24140625 0.8859375 0.01875 0.0359375 
2 0.1890625 0.88203125 0.02578125 0.03671875 
2 0.77109375 0.871875 0.021875 0.03828125 
2 0.35078125 0.88203125 0.01484375 0.0359375 
2 0.36015625 0.8796875 0.01015625 0.028125 
2 0.27265625 0.8828125 0.0171875 0.034375 
2 0.7578125 0.87109375 0.01640625 0.0296875 
2 0.44296875 0.87734375 0.0125 0.0234375 
2 0.29140625 0.884375 0.02578125 0.03828125 
7 0.32109375 0.5296875 0.065625 0.04453125 
2 0.32265625 0.87421875 0.0296875 0.05703125 
7 0.3890625 0.7359375 0.02109375 0.01796875 
7 0.18828125 0.5359375 0.06015625 0.040625 
2 0.37421875 0.8796875 0.01640625 0.028125 
2 0.4140625 0.8765625 0.0140625 0.0234375 
2 0.87109375 0.9078125 0.18203125 0.18046875 
