2 0.38125 0.85625 0.01484375 0.03828125 
7 0.29453125 0.61640625 0.01484375 0.0234375 
7 0.3984375 0.61171875 0.0375 0.028125 
2 0.45703125 0.88125 0.01640625 0.084375 
2 0.975 0.80390625 0.03046875 0.06015625 
2 0.4015625 0.85234375 0.009375 0.0234375 
2 0.9859375 0.79921875 0.0203125 0.04609375 
7 0.30703125 0.615625 0.0390625 0.028125 
7 0.4234375 0.73046875 0.01640625 0.01484375 
2 0.390625 0.8515625 0.01171875 0.0265625 
2 0.4953125 0.85234375 0.01484375 0.025 
2 0.36484375 0.85 0.0203125 0.0515625 
2 0.46875 0.8515625 0.01640625 0.0265625 
2 0.434375 0.85078125 0.01171875 0.01953125 
2 0.41171875 0.85078125 0.01171875 0.02421875 
2 0.74453125 0.87421875 0.06953125 0.1140625 
2 0.1921875 0.89296875 0.06796875 0.18046875 
2 0.6234375 0.9140625 0.1453125 0.16953125 
2 0.30546875 0.9046875 0.16484375 0.190625 
17 0.59921875 0.7828125 0.00703125 0.03046875 
