2 0.25234375 0.8875 0.01953125 0.03203125 
2 0.0203125 0.95078125 0.040625 0.0953125 
2 0.34921875 0.878125 0.009375 0.03828125 
2 0.90078125 0.8421875 0.03359375 0.06953125 
2 0.2296875 0.89609375 0.03359375 0.059375 
2 0.9296875 0.840625 0.0203125 0.046875 
2 0.79375 0.8609375 0.021875 0.03671875 
2 0.30234375 0.88828125 0.015625 0.04609375 
2 0.24375 0.8859375 0.01328125 0.03046875 
2 0.56484375 0.8953125 0.015625 0.03515625 
2 0.43046875 0.871875 0.0078125 0.01875 
2 0.32578125 0.87265625 0.03203125 0.05859375 
2 0.971875 0.83828125 0.01640625 0.03515625 
2 0.40625 0.88671875 0.01484375 0.03671875 
2 0.3765625 0.88125 0.01015625 0.025 
2 0.990625 0.83046875 0.01875 0.05546875 
2 0.628125 0.87734375 0.02578125 0.06171875 
2 0.2890625 0.8890625 0.02421875 0.04453125 
2 0.27265625 0.884375 0.01796875 0.03671875 
7 0.32109375 0.5296875 0.065625 0.04453125 
7 0.38828125 0.7359375 0.02109375 0.01640625 
2 0.3625 0.88125 0.01953125 0.03359375 
7 0.1875 0.5359375 0.0609375 0.040625 
