2 0.22890625 0.875 0.03671875 0.04296875 
2 0.43359375 0.8734375 0.00859375 0.028125 
2 0.37734375 0.8703125 0.01015625 0.02578125 
2 0.925 0.8421875 0.0234375 0.0453125 
2 0.94921875 0.840625 0.01484375 0.03125 
2 0.890625 0.8421875 0.05703125 0.07109375 
2 0.253125 0.8765625 0.01640625 0.034375 
2 0.31640625 0.87109375 0.0109375 0.03671875 
2 0.37109375 0.87265625 0.01640625 0.02890625 
2 0.384375 0.8703125 0.0109375 0.02578125 
2 0.30234375 0.875 0.02578125 0.0390625 
2 0.4015625 0.86953125 0.0140625 0.021875 
7 0.3984375 0.72890625 0.0203125 0.01796875 
2 0.28359375 0.8734375 0.0171875 0.03203125 
7 0.2109375 0.54296875 0.05703125 0.0390625 
7 0.3390625 0.53515625 0.0609375 0.040625 
2 0.46484375 0.86796875 0.00859375 0.0234375 
2 0.3328125 0.86640625 0.02734375 0.0546875 
2 0.42265625 0.8734375 0.02578125 0.03359375 
2 0.784375 0.91640625 0.22734375 0.165625 
