2 0.51953125 0.87578125 0.01015625 0.03359375 
2 0.0203125 0.94609375 0.040625 0.1 
2 0.278125 0.89140625 0.01484375 0.03515625 
2 0.95859375 0.83359375 0.0828125 0.08515625 
2 0.6484375 0.88359375 0.01484375 0.03359375 
2 0.659375 0.8859375 0.021875 0.03828125 
2 0.99296875 0.82890625 0.01328125 0.0734375 
2 0.7515625 0.86953125 0.02421875 0.04140625 
2 0.27265625 0.884375 0.01796875 0.03828125 
7 0.3890625 0.7359375 0.02109375 0.01640625 
2 0.2265625 0.88359375 0.02734375 0.05625 
7 0.32109375 0.5296875 0.065625 0.04453125 
7 0.1875 0.5359375 0.06015625 0.040625 
