2 0.178125 0.90078125 0.02734375 0.05703125 
2 0.4265625 0.9015625 0.04921875 0.07109375 
2 0.35703125 0.878125 0.00859375 0.0265625 
2 0.02109375 0.9484375 0.0421875 0.09609375 
2 0.80546875 0.86171875 0.02734375 0.05390625 
2 0.3046875 0.88125 0.0109375 0.03515625 
2 0.79296875 0.86328125 0.01953125 0.04921875 
2 0.771875 0.87109375 0.02265625 0.0390625 
2 0.27265625 0.8828125 0.01796875 0.034375 
2 0.83125 0.85703125 0.02890625 0.05703125 
2 0.1125 0.88359375 0.10859375 0.10078125 
2 0.3671875 0.88046875 0.01484375 0.0265625 
2 0.29140625 0.884375 0.025 0.03671875 
2 0.35 0.88046875 0.0125 0.03671875 
2 0.7578125 0.871875 0.01640625 0.03046875 
2 0.409375 0.88046875 0.01640625 0.03046875 
2 0.24140625 0.8859375 0.0171875 0.03515625 
7 0.32109375 0.5296875 0.065625 0.04453125 
7 0.3890625 0.7359375 0.02109375 0.01640625 
2 0.3234375 0.87421875 0.03046875 0.05703125 
7 0.1875 0.5359375 0.06015625 0.040625 
2 0.9546875 0.90078125 0.08984375 0.17578125 
