2 0.46796875 0.871875 0.00546875 0.0234375 
2 0.99296875 0.8265625 0.01328125 0.05625 
2 0.928125 0.8453125 0.025 0.04453125 
2 0.9765625 0.8359375 0.02265625 0.046875 
2 0.2375 0.8828125 0.01484375 0.0359375 
2 0.27734375 0.87890625 0.0171875 0.034375 
2 0.171875 0.87578125 0.01875 0.03515625 
2 0.22109375 0.88125 0.03125 0.04140625 
2 0.31171875 0.8734375 0.01015625 0.03203125 
2 0.0328125 0.9421875 0.065625 0.109375 
2 0.36484375 0.87578125 0.0125 0.028125 
2 0.29765625 0.88046875 0.02734375 0.03828125 
7 0.39453125 0.73203125 0.02109375 0.01640625 
2 0.2484375 0.88203125 0.01640625 0.034375 
7 0.32890625 0.53125 0.0640625 0.03984375 
7 0.19765625 0.53828125 0.059375 0.03984375 
2 0.37578125 0.87421875 0.01171875 0.02578125 
2 0.90390625 0.84375 0.03984375 0.065625 
2 0.39296875 0.87421875 0.015625 0.02578125 
2 0.32734375 0.86953125 0.02734375 0.05390625 
2 0.42890625 0.8765625 0.02265625 0.0296875 
2 0.8125 0.9140625 0.2296875 0.1703125 
