2 0.021875 0.9484375 0.04375 0.09375 
2 0.4609375 0.871875 0.00546875 0.025 
2 0.34921875 0.8765625 0.01015625 0.03828125 
2 0.3046875 0.87578125 0.0109375 0.03515625 
2 0.21875 0.88203125 0.0328125 0.040625 
2 0.2421875 0.88203125 0.01953125 0.03671875 
2 0.75859375 0.86796875 0.01796875 0.0296875 
2 0.2734375 0.88125 0.01796875 0.0359375 
2 0.36796875 0.8765625 0.01015625 0.02578125 
2 0.3578125 0.88046875 0.01328125 0.03046875 
7 0.32109375 0.528125 0.065625 0.04453125 
7 0.3890625 0.73359375 0.02109375 0.015625 
2 0.2921875 0.88125 0.02578125 0.03828125 
2 0.32265625 0.87109375 0.03046875 0.05703125 
7 0.18828125 0.534375 0.0609375 0.0390625 
2 0.41796875 0.87421875 0.01171875 0.02109375 
2 0.3828125 0.8765625 0.01484375 0.025 
2 0.4328125 0.8765625 0.01796875 0.02578125 
2 0.82578125 0.91171875 0.21484375 0.171875 
