2 0.22421875 0.8609375 0.0171875 0.0484375 
2 0.24140625 0.86484375 0.02109375 0.04296875 
2 0.44140625 0.853125 0.009375 0.03203125 
2 0.4546875 0.8484375 0.0109375 0.0234375 
7 0.44609375 0.68203125 0.021875 0.01953125 
2 0.14140625 0.86953125 0.02421875 0.04375 
2 0.2546875 0.8640625 0.01953125 0.03984375 
2 0.1 0.86953125 0.0234375 0.04375 
2 0.50078125 0.846875 0.01328125 0.02578125 
2 0.47421875 0.85078125 0.01640625 0.02890625 
2 0.17109375 0.8703125 0.025 0.04453125 
2 0.43125 0.85546875 0.0234375 0.03828125 
2 0.11953125 0.86875 0.025 0.04609375 
2 0.2 0.86328125 0.03828125 0.0609375 
