7 0.44609375 0.68203125 0.02265625 0.01953125 
2 0.4734375 0.853125 0.01015625 0.0359375 
2 0.3109375 0.86953125 0.059375 0.07890625 
2 0.134375 0.878125 0.0234375 0.04609375 
2 0.1171875 0.86796875 0.0203125 0.04375 
2 0.2609375 0.86640625 0.05234375 0.08828125 
2 0.1 0.86875 0.0234375 0.04375 
2 0.17109375 0.86953125 0.02421875 0.04375 
2 0.20234375 0.86328125 0.03828125 0.0609375 
2 0.42421875 0.859375 0.021875 0.03671875 
2 0.50703125 0.85390625 0.02421875 0.04296875 
2 0.45234375 0.86640625 0.04375 0.06484375 
