2 0.33359375 0.85078125 0.01484375 0.0265625 
2 0.24140625 0.86484375 0.021875 0.04296875 
2 0.22421875 0.86171875 0.01796875 0.04921875 
2 0.4625 0.8453125 0.00859375 0.0203125 
2 0.49921875 0.84453125 0.01015625 0.01953125 
7 0.44609375 0.68125 0.02265625 0.01875 
2 0.47734375 0.84765625 0.0125 0.025 
2 0.14140625 0.8703125 0.025 0.04453125 
2 0.2546875 0.8640625 0.01875 0.0390625 
2 0.09921875 0.86953125 0.02421875 0.04375 
2 0.44609375 0.84921875 0.01640625 0.028125 
2 0.1703125 0.8703125 0.02421875 0.04453125 
2 0.11953125 0.86875 0.02421875 0.04609375 
2 0.2 0.86328125 0.03828125 0.0609375 
