2 0.24140625 0.8640625 0.02109375 0.04375 
2 0.459375 0.846875 0.009375 0.0203125 
2 0.33359375 0.85078125 0.01328125 0.028125 
7 0.44609375 0.68125 0.02265625 0.01875 
2 0.5 0.8453125 0.01171875 0.0203125 
2 0.4765625 0.84765625 0.01484375 0.0265625 
2 0.1421875 0.86953125 0.02421875 0.0453125 
2 0.44140625 0.8515625 0.01875 0.034375 
2 0.2546875 0.8640625 0.01875 0.0390625 
2 0.1 0.86953125 0.0234375 0.04375 
2 0.1703125 0.8703125 0.02578125 0.04453125 
2 0.11953125 0.86875 0.02421875 0.04609375 
2 0.19921875 0.86328125 0.0375 0.0609375 
