2 0.3328125 0.85 0.01484375 0.028125 
2 0.2234375 0.8609375 0.0171875 0.05 
4 0.459375 0.86796875 0.01171875 0.05078125 
7 0.44609375 0.68203125 0.02265625 0.01953125 
2 0.4796875 0.84453125 0.00859375 0.01875 
2 0.49609375 0.84375 0.00859375 0.01796875 
2 0.14140625 0.86953125 0.02421875 0.0453125 
2 0.2546875 0.8640625 0.01953125 0.0390625 
2 0.1 0.86953125 0.0234375 0.04375 
2 0.1703125 0.86953125 0.02578125 0.0453125 
2 0.11953125 0.86875 0.02421875 0.04609375 
2 0.19921875 0.86328125 0.0375 0.0609375 
