4 0.29609375 0.86953125 0.0078125 0.04609375 
2 0.24140625 0.86484375 0.02109375 0.04296875 
2 0.22421875 0.86171875 0.01796875 0.04921875 
2 0.3328125 0.85078125 0.01328125 0.0265625 
2 0.49609375 0.84375 0.00859375 0.01796875 
2 0.4640625 0.84453125 0.01015625 0.01953125 
2 0.071875 0.87421875 0.02421875 0.0515625 
2 0.4796875 0.84375 0.00859375 0.01953125 
2 0.14140625 0.8703125 0.02421875 0.04453125 
2 0.1 0.86953125 0.0234375 0.04375 
2 0.05390625 0.87890625 0.021875 0.046875 
2 0.2546875 0.8640625 0.01953125 0.0390625 
2 0.1703125 0.8703125 0.02421875 0.04453125 
2 0.11953125 0.86875 0.02421875 0.04609375 
2 0.19921875 0.86328125 0.0375 0.0609375 
