2 0.4953125 0.8484375 0.00703125 0.01484375 
2 0.1546875 0.871875 0.0125 0.03515625 
2 0.11640625 0.87890625 0.03125 0.0484375 
2 0.33125 0.85625 0.01328125 0.028125 
6 0.44296875 0.68359375 0.02578125 0.01796875 
2 0.4640625 0.8484375 0.00859375 0.01796875 
2 0.48046875 0.8484375 0.00703125 0.01640625 
2 0.21328125 0.86875 0.02109375 0.0515625 
2 0.171875 0.86953125 0.01640625 0.0453125 
2 0.23203125 0.87109375 0.0203125 0.04296875 
2 0.0671875 0.878125 0.02578125 0.04296875 
2 0.2453125 0.8703125 0.01796875 0.0390625 
2 0.1875 0.86953125 0.03828125 0.0609375 
2 0.14453125 0.8765625 0.02890625 0.0484375 
2 0.090625 0.8765625 0.02734375 0.0484375 
