2 0.22421875 0.8625 0.01640625 0.046875 
2 0.24140625 0.8640625 0.02109375 0.04375 
2 0.33359375 0.85078125 0.0140625 0.0265625 
2 0.47890625 0.846875 0.00859375 0.021875 
2 0.49453125 0.8609375 0.01171875 0.04375 
7 0.44609375 0.68125 0.02265625 0.01875 
2 0.4640625 0.84609375 0.00859375 0.01953125 
2 0.14140625 0.86953125 0.025 0.04453125 
2 0.2546875 0.8640625 0.01875 0.0390625 
2 0.1 0.86953125 0.0234375 0.04375 
2 0.17109375 0.8703125 0.025 0.04453125 
2 0.11875 0.86875 0.02421875 0.04609375 
2 0.19921875 0.86328125 0.0375 0.0609375 
