2 0.49296875 0.85703125 0.00703125 0.015625 
2 0.196875 0.88359375 0.02109375 0.04609375 
2 0.17734375 0.871875 0.01953125 0.04453125 
2 0.00625 0.88671875 0.0125 0.0546875 
2 0.325 0.865625 0.0125 0.02578125 
2 0.47734375 0.85703125 0.00703125 0.01640625 
2 0.01484375 0.8953125 0.028125 0.0515625 
2 0.22734375 0.87890625 0.01484375 0.034375 
2 0.21484375 0.88203125 0.02578125 0.04453125 
2 0.090625 0.8859375 0.02734375 0.04609375 
2 0.14765625 0.8828125 0.0390625 0.065625 
2 0.1140625 0.88671875 0.02734375 0.0453125 
2 0.05703125 0.890625 0.04140625 0.059375 
