2 0.3265625 0.8609375 0.0109375 0.01875 
2 0.396875 0.859375 0.01015625 0.021875 
2 0.51171875 0.84453125 0.00703125 0.01640625 
2 0.42890625 0.85859375 0.009375 0.02890625 
2 0.37890625 0.85546875 0.01328125 0.0234375 
2 0.03828125 0.8625 0.01796875 0.065625 
2 0.01640625 0.85 0.03203125 0.10703125 
2 0.41875 0.86015625 0.021875 0.03125 
2 0.496875 0.85390625 0.01953125 0.03984375 
6 0.48203125 0.75703125 0.01640625 0.009375 
6 0.4515625 0.75859375 0.01484375 0.009375 
6 0.4875 0.77421875 0.01171875 0.00546875 
