5 0.459375 0.85078125 0.0453125 0.1265625 
2 0.33671875 0.86328125 0.01171875 0.01953125 
5 0.0875 0.86328125 0.02265625 0.06640625 
2 0.05859375 0.86796875 0.028125 0.06640625 
2 0.40234375 0.86328125 0.01171875 0.025 
2 0.25703125 0.86875 0.01796875 0.0234375 
2 0.4234375 0.8625 0.021875 0.03203125 
2 0.08671875 0.8640625 0.02109375 0.0640625 
2 0.49609375 0.85703125 0.01953125 0.0390625 
6 0.48359375 0.76328125 0.015625 0.009375 
6 0.4546875 0.765625 0.01484375 0.0078125 
6 0.4890625 0.78046875 0.0125 0.00625 
