2 0.371875 0.846875 0.01171875 0.025 
2 0.02890625 0.86953125 0.01484375 0.03125 
2 0.13828125 0.85703125 0.01796875 0.0390625 
2 0.0453125 0.86171875 0.03046875 0.04453125 
2 0.35703125 0.84921875 0.01953125 0.03359375 
2 0.48984375 0.83203125 0.0265625 0.0796875 
2 0.5078125 0.840625 0.01015625 0.03125 
6 0.42109375 0.65 0.0296875 0.01328125 
2 0.2390625 0.87578125 0.05546875 0.07890625 
5 0.48984375 0.83125 0.02734375 0.08125 
2 0.33828125 0.853125 0.01796875 0.03125 
2 0.15390625 0.85546875 0.02109375 0.04375 
2 0.075 0.86015625 0.02578125 0.0484375 
2 0.27265625 0.87421875 0.03359375 0.065625 
2 0.41953125 0.878125 0.08515625 0.1265625 
15 0.35859375 0.653125 0.03046875 0.0125 
15 0.45234375 0.7140625 0.0203125 0.0125 
