2 0.55703125 0.84453125 0.01875 0.03984375 
2 0.83828125 0.80546875 0.01171875 0.0265625 
2 0.50703125 0.8296875 0.009375 0.01875 
2 0.37109375 0.871875 0.034375 0.06953125 
2 0.128125 0.84296875 0.01796875 0.0359375 
2 0.428125 0.834375 0.0109375 0.0234375 
2 0.25625 0.8609375 0.03359375 0.06328125 
2 0.44140625 0.83671875 0.01953125 0.0296875 
2 0.11171875 0.85625 0.021875 0.04921875 
2 0.09375 0.85625 0.02734375 0.05 
2 0.03671875 0.86171875 0.021875 0.0390625 
2 0.01328125 0.86953125 0.0265625 0.11328125 
2 0.05625 0.8625 0.02734375 0.03984375 
2 0.14453125 0.86328125 0.0359375 0.06640625 
2 0.29765625 0.915625 0.13359375 0.165625 
2 0.1765625 0.86484375 0.03203125 0.05703125 
2 0.46484375 0.85625 0.03515625 0.05859375 
8 0.47734375 0.7703125 0.01015625 0.00546875 
8 0.4546875 0.77265625 0.01015625 0.00546875 
