2 0.5078125 0.840625 0.0078125 0.01640625 
2 0.21640625 0.921875 0.06484375 0.13828125 
2 0.28046875 0.86171875 0.01484375 0.03046875 
2 0.41484375 0.85703125 0.01328125 0.03828125 
2 0.2609375 0.85703125 0.01953125 0.0359375 
2 0.459375 0.8703125 0.01875 0.06640625 
2 0.22109375 0.8640625 0.015625 0.03671875 
2 0.30234375 0.87578125 0.04609375 0.06484375 
2 0.403125 0.85546875 0.01640625 0.03359375 
2 0.36640625 0.8546875 0.01640625 0.021875 
2 0.0953125 0.8890625 0.06015625 0.13359375 
2 0.325 0.87578125 0.0203125 0.0546875 
2 0.53671875 0.8515625 0.01640625 0.03125 
2 0.1671875 0.91875 0.16328125 0.15859375 
2 0.440625 0.8703125 0.0515625 0.0796875 
