2 0.025 0.859375 0.01953125 0.034375 
2 0.1890625 0.865625 0.01328125 0.02109375 
2 0.1078125 0.86328125 0.00859375 0.0265625 
17 0.61796875 0.73828125 0.01015625 0.05859375 
2 0.5609375 0.86953125 0.0140625 0.02578125 
2 0.5859375 0.86171875 0.028125 0.04140625 
9 0.20859375 0.72265625 0.02421875 0.0140625 
2 0.1375 0.865625 0.02109375 0.0265625 
2 0.0671875 0.865625 0.01953125 0.0265625 
2 0.26171875 0.8640625 0.01328125 0.01953125 
2 0.08359375 0.86484375 0.015625 0.0296875 
2 0.03828125 0.859375 0.01953125 0.0359375 
9 0.25625 0.7234375 0.02421875 0.01484375 
