2 0.63359375 0.84765625 0.01640625 0.04140625 
2 0.1234375 0.85703125 0.01796875 0.0265625 
9 0.26796875 0.7140625 0.015625 0.01328125 
2 0.1359375 0.85703125 0.01484375 0.02578125 
2 0.3703125 0.8609375 0.03515625 0.1 
2 0.0578125 0.85625 0.0171875 0.0265625 
2 0.171875 0.85703125 0.01640625 0.025 
2 0.575 0.86015625 0.01484375 0.028125 
2 0.59765625 0.853125 0.03046875 0.04375 
2 0.0734375 0.85546875 0.01484375 0.02578125 
2 0.10234375 0.85546875 0.02109375 0.0296875 
9 0.225 0.71484375 0.02265625 0.0109375 
17 0.63203125 0.73046875 0.0125 0.04765625 
