2 0.6796875 0.84453125 0.01328125 0.03828125 
2 0.66640625 0.84609375 0.02109375 0.04453125 
2 0.20234375 0.865625 0.00859375 0.02578125 
2 0.2640625 0.8640625 0.0171875 0.02421875 
2 0.2125 0.8640625 0.0203125 0.0484375 
2 0.15625 0.865625 0.009375 0.021875 
2 0.1453125 0.8671875 0.01484375 0.02109375 
2 0.2328125 0.859375 0.04296875 0.0609375 
2 0.17734375 0.865625 0.01328125 0.0265625 
2 0.64609375 0.8515625 0.03046875 0.04140625 
2 0.1046875 0.85703125 0.02734375 0.046875 
2 0.62265625 0.859375 0.01328125 0.02578125 
17 0.67734375 0.73359375 0.0109375 0.05625 
2 0.071875 0.9015625 0.14375 0.19453125 
