2 0.06171875 0.87109375 0.01484375 0.04296875 
2 0.5875 0.85234375 0.01484375 0.034375 
2 0.13046875 0.86328125 0.01640625 0.0296875 
2 0.56953125 0.8609375 0.028125 0.04296875 
2 0.115625 0.86015625 0.02109375 0.03671875 
2 0.24609375 0.88125 0.0796875 0.103125 
2 0.46484375 0.859375 0.02109375 0.03046875 
2 0.42578125 0.85859375 0.02109375 0.03125 
2 0.03984375 0.86796875 0.03359375 0.05546875 
12 0.45625 0.76484375 0.0140625 0.00859375 
12 0.4234375 0.76640625 0.0140625 0.0078125 
12 0.50703125 0.79375 0.0109375 0.00625 
12 0.48984375 0.79375 0.00859375 0.00625 
