2 0.38828125 0.86953125 0.01640625 0.03828125 
2 0.89453125 0.8421875 0.01171875 0.034375 
2 0.8390625 0.8828125 0.02265625 0.096875 
8 0.4390625 0.74296875 0.0203125 0.01015625 
2 0.184375 0.8640625 0.01328125 0.03671875 
2 0.0953125 0.865625 0.02265625 0.04140625 
2 0.10859375 0.865625 0.01328125 0.03125 
8 0.4046875 0.74453125 0.01875 0.01171875 
2 0.80078125 0.88203125 0.01015625 0.071875 
2 0.1734375 0.865625 0.01953125 0.040625 
2 0.07265625 0.86640625 0.02890625 0.04453125 
2 0.12109375 0.8640625 0.01796875 0.03046875 
2 0.15390625 0.86640625 0.021875 0.03515625 
2 0.37734375 0.87109375 0.03671875 0.04375 
2 0.0046875 0.85859375 0.009375 0.053125 
2 0.4171875 0.86171875 0.02109375 0.03359375 
15 0.0265625 0.46171875 0.053125 0.0328125 
17 0.76484375 0.78671875 0.00859375 0.03359375 
