2 0.990625 0.86015625 0.01796875 0.05 
4 0.11328125 0.928125 0.05 0.13046875 
11 0.4484375 0.7515625 0.0125 0.01328125 
2 0.05625 0.86484375 0.0265625 0.04453125 
2 0.98359375 0.85625 0.01484375 0.0390625 
2 0.18984375 0.86953125 0.02109375 0.034375 
2 0.14765625 0.86875 0.02109375 0.03828125 
6 0.41328125 0.75234375 0.01171875 0.0140625 
2 0.35703125 0.87890625 0.04140625 0.0515625 
2 0.7265625 0.89453125 0.03359375 0.09453125 
2 0.4140625 0.86796875 0.025 0.034375 
15 0.08984375 0.51328125 0.05390625 0.03046875 
