2 0.209375 0.86875 0.0203125 0.03671875 
6 0.4484375 0.75 0.01328125 0.01328125 
2 0.07109375 0.8640625 0.02421875 0.04296875 
2 0.36328125 0.878125 0.01875 0.0453125 
6 0.41328125 0.75078125 0.01171875 0.0140625 
2 0.1390625 0.86953125 0.0296875 0.0390625 
2 0.19296875 0.86796875 0.01640625 0.03359375 
2 0.34609375 0.87890625 0.04140625 0.05078125 
2 0.7609375 0.88828125 0.03359375 0.08984375 
2 0.159375 0.86796875 0.0171875 0.03671875 
2 0.41015625 0.8671875 0.025 0.0359375 
2 0.70703125 0.89296875 0.0421875 0.0953125 
15 0.1046875 0.52421875 0.0515625 0.02890625 
