2 0.69609375 0.8859375 0.015625 0.03046875 
7 0.6765625 0.665625 0.02109375 0.01796875 
7 0.828125 0.54609375 0.04453125 0.03125 
2 0.55 0.84609375 0.01796875 0.04296875 
2 0.71875 0.91640625 0.06171875 0.159375 
2 0.46796875 0.85078125 0.01953125 0.04296875 
7 0.709375 0.54921875 0.0453125 0.0296875 
2 0.48515625 0.85390625 0.02578125 0.0390625 
2 0.5265625 0.84453125 0.03046875 0.0515625 
2 0.50390625 0.85078125 0.01640625 0.03828125 
2 0.44921875 0.85234375 0.02578125 0.04375 
2 0.93203125 0.8828125 0.1359375 0.20625 
2 0.7875 0.91015625 0.1578125 0.17421875 
17 0.81484375 0.7546875 0.01015625 0.03984375 
