2 0.296875 0.83359375 0.01328125 0.025
2 0.43125 0.8359375 0.03671875 0.05
2 0.303125 0.83359375 0.00859375 0.02109375
2 0.2515625 0.834375 0.0140625 0.025
8 0.49453125 0.7109375 0.01328125 0.01171875
2 0.440625 0.83828125 0.01875 0.040625
2 0.21640625 0.8328125 0.01484375 0.0359375
2 0.20703125 0.8375 0.015625 0.034375
2 0.4984375 0.83125 0.0125 0.0234375
2 0.36171875 0.83515625 0.0125 0.02421875
2 0.10390625 0.82421875 0.0125 0.03125
2 0.45078125 0.83203125 0.0125 0.0296875
2 0.071875 0.82890625 0.0203125 0.04453125
2 0.26875 0.83125 0.01328125 0.03359375
2 0.1703125 0.8421875 0.02890625 0.04140625
2 0.13125 0.834375 0.02578125 0.03984375
2 0.18671875 0.83828125 0.015625 0.03828125
2 0.390625 0.85703125 0.0515625 0.075
2 0.46875 0.828125 0.0109375 0.021875
8 0.45703125 0.71171875 0.009375 0.01328125
2 0.09375 0.82578125 0.01953125 0.03984375