2 0.36640625 0.85546875 0.01484375 0.03046875
2 0.03671875 0.92109375 0.0734375 0.1484375
2 0.165625 0.85859375 0.0109375 0.0265625
13 0.4 0.84375 0.0140625 0.04140625
2 0.15546875 0.86171875 0.01796875 0.04375
2 0.08515625 0.853125 0.02109375 0.05625
8 0.39609375 0.65625 0.01171875 0.01875
2 0.11484375 0.85390625 0.07421875 0.0765625
8 0.45703125 0.65390625 0.02421875 0.01796875
2 0.50390625 0.86796875 0.021875 0.040625
2 0.40078125 0.84453125 0.01328125 0.040625
2 0.9515625 0.8015625 0.03046875 0.06640625
8 0.403125 0.65703125 0.02421875 0.01953125
2 0.8890625 0.809375 0.01640625 0.06484375
2 0.4640625 0.8453125 0.02265625 0.0390625
2 0.4328125 0.8453125 0.01796875 0.03125
11 0.74375 0.78125 0.00625 0.03203125