2 0.83515625 0.80859375 0.01796875 0.03046875
2 0.85390625 0.8015625 0.02890625 0.04375
2 0.98359375 0.78046875 0.01875 0.04140625
2 0.48125 0.8328125 0.01796875 0.0453125
2 0.8796875 0.79609375 0.02265625 0.06484375
2 0.4578125 0.83671875 0.01328125 0.021875
8 0.4484375 0.6265625 0.0265625 0.02109375
2 0.49765625 0.83671875 0.01328125 0.03125
8 0.3890625 0.63046875 0.02734375 0.02109375
2 0.95625 0.79453125 0.04921875 0.08046875
2 0.89609375 0.80078125 0.0453125 0.084375
11 0.759375 0.77265625 0.00625 0.03125