8 0.1078125 0.571875 0.01953125 0.02421875
2 0.1234375 0.865625 0.01015625 0.03203125
2 0.37109375 0.86875 0.0703125 0.1015625
2 0.06953125 0.87421875 0.02109375 0.053125
2 0.04453125 0.871875 0.06796875 0.0609375
2 0.16953125 0.8703125 0.01328125 0.01875
2 0.10859375 0.85859375 0.02421875 0.05390625
2 0.08046875 0.86953125 0.0140625 0.04140625
2 0.14609375 0.86953125 0.00859375 0.01796875
2 0.00859375 0.86640625 0.01640625 0.03671875
8 0.11796875 0.5734375 0.040625 0.028125
8 0.0359375 0.5671875 0.040625 0.02890625
2 0.0921875 0.86640625 0.01484375 0.03671875
11 0.5234375 0.83203125 0.01171875 0.03984375