2 0.253125 0.8671875 0.0234375 0.03984375
2 0.63046875 0.86015625 0.01484375 0.03125
2 0.64296875 0.85546875 0.01640625 0.03828125
8 0.446875 0.61171875 0.04375 0.021875
8 0.51875 0.74140625 0.01953125 0.0125
2 0.68671875 0.8515625 0.0171875 0.0359375
2 0.5625 0.84375 0.01484375 0.03359375
2 0.12109375 0.9015625 0.2421875 0.19453125
2 0.5953125 0.88203125 0.0640625 0.09609375
11 0.7515625 0.74765625 0.01484375 0.05859375
11 0.6625 0.80078125 0.00703125 0.028125
8 0.5859375 0.60703125 0.04140625 0.02265625