2 0.55234375 0.86328125 0.01640625 0.0390625
2 0.2453125 0.86796875 0.01328125 0.0296875
2 0.20078125 0.86640625 0.01484375 0.03203125
2 0.2953125 0.859375 0.0125 0.0296875
2 0.44609375 0.878125 0.01484375 0.03828125
2 0.2328125 0.86953125 0.01328125 0.028125
2 0.41953125 0.85703125 0.01171875 0.02578125
2 0.434375 0.87421875 0.01953125 0.04375
2 0.53515625 0.87421875 0.015625 0.03046875
2 0.565625 0.87109375 0.01796875 0.03203125
2 0.50390625 0.87578125 0.01875 0.03125
2 0.38828125 0.8859375 0.03359375 0.0546875
8 0.51953125 0.79296875 0.0125 0.0078125