8 0.35234375 0.65859375 0.02734375 0.015625
2 0.653125 0.778125 0.0125 0.03515625
2 0.1328125 0.8140625 0.04140625 0.04375
2 0.01171875 0.7984375 0.015625 0.03203125
2 0.103125 0.81875 0.01015625 0.0234375
2 0.109375 0.81875 0.01484375 0.02890625
2 0.26875 0.80390625 0.015625 0.03203125
2 0.14921875 0.8140625 0.01328125 0.03359375
8 0.4203125 0.65859375 0.02578125 0.0140625
2 0.04296875 0.86484375 0.084375 0.11328125
2 0.3625 0.86328125 0.05234375 0.090625
2 0.45859375 0.853125 0.05234375 0.09375
2 0.25625 0.85546875 0.07578125 0.12109375
8 0.44453125 0.7125 0.015625 0.0109375