2 0.0890625 0.81328125 0.01328125 0.021875
2 0.9890625 0.7625 0.01953125 0.05078125
2 0.265625 0.925 0.11171875 0.14453125
2 0.9015625 0.77421875 0.0171875 0.04296875
2 0.03515625 0.81171875 0.01328125 0.03046875
2 0.11796875 0.82421875 0.01015625 0.02421875
8 0.35625 0.5390625 0.05 0.028125
2 0.02734375 0.81328125 0.01484375 0.0265625
2 0.74296875 0.79453125 0.0171875 0.03828125
2 0.371875 0.8296875 0.01640625 0.03515625
8 0.48359375 0.53125 0.04765625 0.03125
2 0.04453125 0.81328125 0.01796875 0.02890625
2 0.01015625 0.80703125 0.01953125 0.040625
2 0.9765625 0.7609375 0.01484375 0.0390625
2 0.20546875 0.9171875 0.23203125 0.1640625
2 0.87890625 0.7734375 0.01484375 0.046875
2 0.54296875 0.85625 0.07109375 0.11171875
8 0.54453125 0.70234375 0.0171875 0.0109375