2 0.925 0.77890625 0.0125 0.03359375
2 0.11796875 0.91796875 0.18125 0.1640625
8 0.54765625 0.70078125 0.0203125 0.01171875
2 0.234375 0.928125 0.1390625 0.1390625
2 0.97421875 0.76171875 0.009375 0.0296875
8 0.1046875 0.13984375 0.11484375 0.07734375
2 0.0140625 0.809375 0.02109375 0.04140625
2 0.93984375 0.771875 0.01640625 0.04296875
8 0.41015625 0.10625 0.11640625 0.07578125
2 0.06015625 0.83046875 0.01484375 0.03671875
2 0.6703125 0.83828125 0.01796875 0.075
2 0.0375 0.81640625 0.01484375 0.03046875
2 0.55390625 0.80859375 0.015625 0.0265625
2 0.59296875 0.81328125 0.01484375 0.03046875
2 0.53359375 0.81328125 0.0203125 0.0359375
2 0.62265625 0.83828125 0.06328125 0.09453125
11 0.78125 0.75234375 0.0078125 0.0375