2 0.5546875 0.8421875 0.00703125 0.015625
2 0.3078125 0.86796875 0.02578125 0.0640625
2 0.05625 0.878125 0.015625 0.03359375
2 0.09140625 0.909375 0.015625 0.04375
2 0.52890625 0.84453125 0.00703125 0.01484375
2 0.58984375 0.84921875 0.02890625 0.0359375
2 0.40859375 0.8859375 0.04453125 0.10390625
2 0.325 0.87109375 0.0265625 0.06640625
2 0.01015625 0.89921875 0.01953125 0.08046875
2 0.1765625 0.8984375 0.05390625 0.096875
2 0.26171875 0.87890625 0.07734375 0.1
2 0.378125 0.8859375 0.10078125 0.11875