2 0.09453125 0.8734375 0.0265625 0.06640625
2 0.1296875 0.8828125 0.0265625 0.0734375
2 0.08671875 0.86328125 0.02265625 0.053125
2 0.53515625 0.83359375 0.00625 0.01484375
2 0.15546875 0.878125 0.07265625 0.08671875
2 0.03203125 0.87890625 0.0296875 0.07890625
2 0.7890625 0.84140625 0.01484375 0.03203125
2 0.43046875 0.8484375 0.02109375 0.03515625
2 0.10625 0.8734375 0.034375 0.07109375
2 0.190625 0.878125 0.02890625 0.07421875
2 0.5796875 0.84453125 0.02421875 0.03984375
2 0.29921875 0.871875 0.03515625 0.06640625
2 0.41484375 0.8484375 0.01328125 0.03125
2 0.36015625 0.8609375 0.01953125 0.05546875
2 0.3359375 0.86171875 0.03828125 0.06484375
2 0.39140625 0.85625 0.03671875 0.05078125
2 0.0109375 0.890625 0.021875 0.096875
2 0.059375 0.87890625 0.05234375 0.08515625