2 0.9390625 0.84453125 0.01171875 0.02890625
2 0.6875 0.8640625 0.009375 0.02109375
2 0.61328125 0.86875 0.0109375 0.02421875
2 0.67734375 0.865625 0.0125 0.02421875
2 0.76875 0.86796875 0.01328125 0.0296875
2 0.665625 0.86640625 0.01171875 0.02421875
2 0.65625 0.865625 0.00859375 0.02109375
2 0.6484375 0.8640625 0.01015625 0.02421875
2 0.72421875 0.86171875 0.01328125 0.03203125
2 0.8078125 0.9 0.08984375 0.1515625
8 0.81875 0.778125 0.01328125 0.0078125
8 0.78984375 0.7796875 0.01328125 0.0078125
8 0.80390625 0.796875 0.009375 0.00703125