2 0.71484375 0.86875 0.0265625 0.05078125
2 0.97734375 0.83046875 0.0125 0.04140625
2 0.20625 0.88984375 0.015625 0.028125
2 0.3609375 0.89296875 0.0296875 0.05546875
2 0.51953125 0.8734375 0.01015625 0.0359375
2 0.85703125 0.85625 0.01875 0.03828125
2 0.2203125 0.89375 0.01953125 0.03203125
2 0.02109375 0.94765625 0.0421875 0.096875
2 0.39609375 0.89140625 0.03125 0.0453125
2 0.965625 0.83203125 0.02890625 0.06640625
2 0.43203125 0.871875 0.00703125 0.01796875
2 0.62578125 0.88828125 0.01953125 0.040625
8 0.3890625 0.7359375 0.02109375 0.01640625
8 0.32109375 0.5296875 0.065625 0.04453125
8 0.1875 0.5359375 0.06015625 0.040625