2 0.51953125 0.87734375 0.009375 0.02890625
2 0.42265625 0.8765625 0.0078125 0.01953125
2 0.2203125 0.89609375 0.04140625 0.065625
2 0.80546875 0.86171875 0.02734375 0.05390625
2 0.85234375 0.85703125 0.03203125 0.06171875
2 0.7921875 0.86328125 0.01875 0.046875
2 0.359375 0.87890625 0.01015625 0.02890625
2 0.24296875 0.8859375 0.0171875 0.03515625
2 0.771875 0.87109375 0.02265625 0.0390625
2 0.83046875 0.8578125 0.02890625 0.05625
2 0.7578125 0.871875 0.01640625 0.03046875
2 0.446875 0.8765625 0.00859375 0.02109375
2 0.30546875 0.88125 0.01015625 0.034375
8 0.32109375 0.5296875 0.065625 0.04453125
2 0.35 0.88125 0.01328125 0.03828125
2 0.27265625 0.88359375 0.01640625 0.034375
2 0.290625 0.884375 0.02578125 0.0390625
8 0.3890625 0.7359375 0.02109375 0.01640625
8 0.1875 0.53671875 0.06015625 0.03984375
2 0.36953125 0.8796875 0.01953125 0.028125
2 0.321875 0.87421875 0.0296875 0.05703125
2 0.41328125 0.8765625 0.01328125 0.02421875
2 0.90859375 0.90703125 0.16015625 0.18359375