2 0.21484375 0.88515625 0.03359375 0.040625
2 0.51953125 0.875 0.01015625 0.03125
2 0.96796875 0.84296875 0.01796875 0.040625
2 0.80546875 0.8640625 0.02109375 0.04921875
2 0.02109375 0.95078125 0.0421875 0.09375
2 0.35078125 0.88046875 0.01328125 0.03671875
2 0.796875 0.865625 0.02578125 0.0484375
2 0.9265625 0.8484375 0.02890625 0.04921875
2 0.3640625 0.88046875 0.0125 0.0265625
2 0.3953125 0.87890625 0.00859375 0.02109375
2 0.83125 0.85859375 0.02890625 0.05625
2 0.771875 0.8640625 0.02890625 0.04921875
2 0.3046875 0.88046875 0.01015625 0.03515625
2 0.7453125 0.87265625 0.01640625 0.03046875
2 0.24140625 0.8859375 0.0171875 0.0359375
2 0.75703125 0.87421875 0.01953125 0.03828125
2 0.3234375 0.87421875 0.03203125 0.05703125
8 0.3890625 0.7359375 0.02109375 0.01640625
8 0.32109375 0.5296875 0.065625 0.04453125
2 0.27265625 0.88359375 0.01796875 0.03515625
2 0.2921875 0.884375 0.0265625 0.0390625
8 0.1875 0.5359375 0.06015625 0.040625
2 0.38046875 0.8796875 0.021875 0.03125