2 0.86484375 0.8203125 0.03203125 0.05546875
2 0.0515625 0.84140625 0.02734375 0.03515625
2 0.4640625 0.85703125 0.01171875 0.0296875
8 0.43515625 0.74609375 0.01171875 0.01328125
2 0.03203125 0.840625 0.01796875 0.02890625
2 0.38203125 0.83359375 0.0140625 0.02421875
8 0.4328125 0.6765625 0.0234375 0.01953125
2 0.85078125 0.82109375 0.01953125 0.0484375
2 0.45390625 0.85625 0.01796875 0.040625
2 0.55859375 0.88203125 0.06796875 0.103125
8 0.36796875 0.6765625 0.02734375 0.0203125
2 0.30234375 0.89375 0.18203125 0.20703125
2 0.4875 0.84921875 0.01796875 0.025
2 0.4 0.9046875 0.0453125 0.13515625
2 0.42578125 0.87421875 0.04453125 0.1046875