2 0.3671875 0.86328125 0.0171875 0.040625
2 0.1171875 0.8984375 0.234375 0.2
2 0.3296875 0.8609375 0.009375 0.02890625
2 0.91484375 0.83359375 0.02734375 0.04609375
2 0.4015625 0.86796875 0.0234375 0.0359375
2 0.4734375 0.8609375 0.01484375 0.02421875
2 0.83046875 0.84375 0.021875 0.05078125
8 0.35859375 0.55 0.05390625 0.03671875
8 0.409375 0.725 0.01796875 0.01640625
2 0.44375 0.85859375 0.0109375 0.01953125
2 0.315625 0.86640625 0.0265625 0.0359375
2 0.38359375 0.8640625 0.015625 0.02890625
8 0.240625 0.55390625 0.05390625 0.0359375
2 0.34453125 0.85625 0.02578125 0.05390625
2 0.296875 0.86640625 0.0171875 0.034375
2 0.41953125 0.8671875 0.01640625 0.034375
2 0.96484375 0.8625 0.0703125 0.13984375
2 0.72421875 0.91875 0.2078125 0.16171875