2 0.96640625 0.84296875 0.0171875 0.03828125
2 0.71875 0.87890625 0.0203125 0.03671875
2 0.82109375 0.86171875 0.0265625 0.053125
2 0.79375 0.86328125 0.021875 0.04921875
2 0.359375 0.87890625 0.01015625 0.0265625
2 0.228125 0.88671875 0.01796875 0.03515625
2 0.70625 0.8765625 0.0140625 0.02890625
2 0.35 0.88125 0.0125 0.03828125
2 0.3046875 0.88125 0.01015625 0.034375
2 0.3890625 0.88046875 0.0109375 0.0234375
2 0.2421875 0.8859375 0.01640625 0.03515625
8 0.32109375 0.5296875 0.065625 0.04453125
2 0.37265625 0.88046875 0.02109375 0.03046875
8 0.3890625 0.7359375 0.02109375 0.01640625
2 0.3234375 0.8734375 0.03203125 0.05859375
2 0.27265625 0.88359375 0.01796875 0.0359375
2 0.29140625 0.884375 0.02578125 0.0390625
8 0.18828125 0.5359375 0.06015625 0.040625