2 0.02109375 0.94921875 0.0421875 0.0921875
2 0.809375 0.86171875 0.02109375 0.05078125
2 0.21328125 0.88671875 0.03046875 0.03828125
2 0.40625 0.878125 0.0078125 0.01875
2 0.92734375 0.84921875 0.02578125 0.04609375
2 0.79609375 0.86796875 0.02265625 0.04375
2 0.76484375 0.87265625 0.01953125 0.0359375
2 0.39609375 0.87890625 0.00703125 0.0203125
2 0.83125 0.85703125 0.0296875 0.05703125
2 0.36484375 0.88046875 0.0125 0.0265625
2 0.3046875 0.88125 0.01015625 0.03515625
2 0.24140625 0.88515625 0.01796875 0.03515625
2 0.7515625 0.871875 0.01484375 0.03125
2 0.35 0.88046875 0.01328125 0.03671875
2 0.27265625 0.88359375 0.01640625 0.034375
2 0.290625 0.884375 0.02578125 0.03671875
2 0.3234375 0.8734375 0.0328125 0.05859375
8 0.3203125 0.5296875 0.06484375 0.04453125
8 0.3890625 0.7359375 0.02109375 0.01640625
8 0.1875 0.5359375 0.06015625 0.040625
2 0.38359375 0.87890625 0.02109375 0.03125