2 0.07734375 0.88125 0.08125 0.10703125
2 0.40234375 0.86484375 0.00859375 0.0203125
2 0.84140625 0.85 0.04765625 0.0796875
2 0.3125 0.88125 0.0109375 0.03984375
2 0.2671875 0.87890625 0.009375 0.03203125
2 0.55078125 0.88984375 0.01796875 0.0484375
2 0.34765625 0.88125 0.01171875 0.02890625
2 0.40703125 0.86484375 0.009375 0.02421875
2 0.3390625 0.88046875 0.0078125 0.025
2 0.20390625 0.8859375 0.01875 0.03515625
2 0.7703125 0.86875 0.0234375 0.04609375
2 0.7578125 0.86796875 0.0140625 0.03515625
2 0.025 0.89140625 0.04921875 0.121875
8 0.3515625 0.73359375 0.021875 0.01875
2 0.253125 0.884375 0.02578125 0.03984375
2 0.86171875 0.84453125 0.03203125 0.0703125
8 0.271875 0.50703125 0.0671875 0.04296875
8 0.13046875 0.51328125 0.06484375 0.040625
2 0.60078125 0.88125 0.02734375 0.059375
2 0.32578125 0.88203125 0.01796875 0.03515625
2 0.28359375 0.875 0.0296875 0.05703125
2 0.23515625 0.88359375 0.01875 0.03828125