2 0.959375 0.8375 0.02734375 0.05859375
2 0.42890625 0.87109375 0.01015625 0.02578125
2 0.68984375 0.87109375 0.02578125 0.0546875
2 0.9046875 0.853125 0.01796875 0.034375
2 0.575 0.84375 0.0140625 0.03125
2 0.340625 0.8796875 0.0078125 0.0296875
2 0.36796875 0.88359375 0.009375 0.02578125
2 0.32265625 0.88125 0.03671875 0.08046875
2 0.97890625 0.8296875 0.0421875 0.07578125
2 0.92265625 0.846875 0.03359375 0.053125
8 0.30859375 0.52421875 0.065625 0.04375
8 0.38046875 0.73828125 0.02109375 0.01875
8 0.17265625 0.53125 0.06015625 0.0390625
2 0.353125 0.88359375 0.0203125 0.0359375
2 0.3828125 0.878125 0.01015625 0.02421875