2 0.5109375 0.84296875 0.00703125 0.01640625
2 0.5171875 0.84140625 0.0078125 0.01953125
2 0.42578125 0.84765625 0.01015625 0.01953125
2 0.41640625 0.84921875 0.00703125 0.01796875
2 0.40625 0.85078125 0.00859375 0.01875
2 0.4578125 0.85 0.0140625 0.021875
2 0.26328125 0.91015625 0.07109375 0.171875
2 0.39140625 0.853125 0.00859375 0.01796875
2 0.17421875 0.90546875 0.128125 0.18515625
4 0.50859375 0.775 0.01171875 0.00625
4 0.4859375 0.77734375 0.01171875 0.0078125
4 0.50234375 0.7921875 0.009375 0.0046875