2 0.24140625 0.86484375 0.02109375 0.04296875
2 0.2234375 0.8609375 0.0171875 0.0484375
2 0.33359375 0.85078125 0.0140625 0.028125
2 0.45625 0.8484375 0.01171875 0.0234375
2 0.44296875 0.8515625 0.01015625 0.03125
8 0.44609375 0.68203125 0.0234375 0.01953125
2 0.14140625 0.86953125 0.02578125 0.0453125
2 0.434375 0.85390625 0.021875 0.03515625
2 0.50078125 0.846875 0.0125 0.0234375
2 0.475 0.85 0.01484375 0.0296875
2 0.2546875 0.8640625 0.01875 0.0390625
2 0.1 0.86953125 0.0234375 0.04453125
2 0.1703125 0.8703125 0.02578125 0.04453125
2 0.11875 0.86875 0.02421875 0.04609375
2 0.19921875 0.86328125 0.0375 0.0609375