2 0.49375 0.84296875 0.00703125 0.01640625
2 0.3328125 0.85078125 0.0140625 0.0265625
2 0.134375 0.87421875 0.02265625 0.0484375
8 0.44609375 0.68203125 0.02265625 0.01953125
2 0.18671875 0.8671875 0.05703125 0.09375
2 0.246875 0.871875 0.075 0.0859375
2 0.1 0.86953125 0.0234375 0.04296875
2 0.1171875 0.86796875 0.0203125 0.04453125
2 0.4703125 0.8515625 0.01484375 0.03359375
2 0.45546875 0.86953125 0.02734375 0.06171875
2 0.428125 0.871875 0.04609375 0.0734375
2 0.509375 0.8546875 0.02734375 0.04609375