2 0.2421875 0.8640625 0.01796875 0.0390625
2 0.33359375 0.85078125 0.0140625 0.0265625
2 0.47890625 0.8515625 0.00859375 0.03125
2 0.22734375 0.8625 0.01875 0.04921875
8 0.44609375 0.68203125 0.02265625 0.01953125
2 0.415625 0.859375 0.0171875 0.05078125
2 0.0359375 0.88046875 0.02890625 0.05625
2 0.1421875 0.86953125 0.0265625 0.04453125
2 0.4 0.86015625 0.03515625 0.05703125
2 0.44296875 0.853125 0.01640625 0.03125
2 0.2546875 0.8640625 0.01953125 0.03984375
2 0.1 0.86953125 0.0234375 0.04453125
2 0.1703125 0.86953125 0.02578125 0.0453125
2 0.2015625 0.8625 0.03828125 0.06015625
2 0.11875 0.86875 0.02421875 0.04609375
2 0.5046875 0.85 0.01875 0.03125
2 0.4671875 0.85703125 0.02578125 0.03984375