2 0.24140625 0.865625 0.02109375 0.04375
6 0.4140625 0.871875 0.01015625 0.04453125
2 0.33359375 0.85078125 0.01328125 0.0265625
2 0.209375 0.86171875 0.0203125 0.05625
8 0.44609375 0.68125 0.02265625 0.01875
2 0.49609375 0.84375 0.0078125 0.01796875
2 0.4796875 0.84453125 0.00859375 0.01875
2 0.4625 0.84453125 0.01015625 0.01953125
2 0.2546875 0.8640625 0.01953125 0.03984375
2 0.16640625 0.86953125 0.01640625 0.04375
2 0.1 0.86953125 0.0234375 0.04375
2 0.14296875 0.87109375 0.02578125 0.046875
2 0.11953125 0.86875 0.02421875 0.04609375