2 0.24140625 0.8640625 0.02265625 0.040625
2 0.16015625 0.87734375 0.01796875 0.03984375
8 0.4453125 0.68125 0.021875 0.01875
2 0.22421875 0.86171875 0.01796875 0.04921875
2 0.4953125 0.84375 0.00859375 0.01796875
2 0.46328125 0.84453125 0.01015625 0.01953125
2 0.4796875 0.84453125 0.00859375 0.01875
2 0.1453125 0.87421875 0.03046875 0.04375
2 0.2546875 0.8640625 0.01953125 0.0390625
2 0.1 0.86953125 0.0234375 0.04375
2 0.1984375 0.8640625 0.0390625 0.06328125
2 0.11953125 0.86875 0.02421875 0.0453125