2 0.2234375 0.8609375 0.0171875 0.046875
2 0.24140625 0.86484375 0.021875 0.04453125
2 0.33359375 0.85078125 0.01484375 0.0265625
2 0.46328125 0.85078125 0.009375 0.028125
8 0.44609375 0.68125 0.02265625 0.01875
2 0.4796875 0.84453125 0.0078125 0.01953125
2 0.4953125 0.84453125 0.0078125 0.01875
2 0.14140625 0.86953125 0.02578125 0.04453125
2 0.2546875 0.8640625 0.01875 0.0390625
2 0.1 0.86953125 0.0234375 0.04375
2 0.1703125 0.86953125 0.02578125 0.0453125
2 0.11953125 0.86875 0.02421875 0.04609375
2 0.19921875 0.86328125 0.0375 0.0609375