2 0.1421875 0.8796875 0.01796875 0.04453125
2 0.4640625 0.85234375 0.0078125 0.01796875
2 0.2359375 0.87421875 0.01875 0.040625
2 0.48046875 0.853125 0.00703125 0.01796875
2 0.21953125 0.871875 0.01953125 0.05078125
3 0.4453125 0.68828125 0.0234375 0.01796875
2 0.178125 0.871875 0.01953125 0.053125
2 0.12734375 0.88203125 0.02734375 0.04453125
2 0.2484375 0.8734375 0.01953125 0.03984375
2 0.08203125 0.88046875 0.02578125 0.04296875
2 0.19375 0.87265625 0.03671875 0.06015625
2 0.15390625 0.88046875 0.02890625 0.0453125
2 0.103125 0.8796875 0.02578125 0.04609375