2 0.91796875 0.7890625 0.01640625 0.02890625
2 0.846875 0.80234375 0.015625 0.034375
2 0.89140625 0.78984375 0.01328125 0.03359375
2 0.58984375 0.84140625 0.01328125 0.0390625
2 0.87734375 0.796875 0.025 0.03671875
2 0.2859375 0.8546875 0.0296875 0.05703125
2 0.01796875 0.834375 0.01640625 0.03125
2 0.440625 0.834375 0.01796875 0.02578125
2 0.2296875 0.8609375 0.03046875 0.071875
2 0.084375 0.83828125 0.01953125 0.034375
2 0.421875 0.83359375 0.01484375 0.02421875
2 0.10625 0.8640625 0.04453125 0.0765625
2 0.25859375 0.8609375 0.0359375 0.06875
2 0.17109375 0.8671875 0.05390625 0.08203125
2 0.134375 0.86796875 0.02734375 0.065625
2 0.20625 0.86796875 0.03515625 0.07421875
2 0.4640625 0.8546875 0.03828125 0.0609375
2 0.31953125 0.915625 0.1234375 0.165625
8 0.4734375 0.7640625 0.0125 0.00703125
8 0.44921875 0.76484375 0.0140625 0.00703125