2 0.29921875 0.93046875 0.08984375 0.1359375
2 0.0984375 0.88046875 0.05390625 0.10625
2 0.4203125 0.84609375 0.00859375 0.01796875
2 0.37265625 0.88828125 0.02109375 0.07421875
2 0.51015625 0.8421875 0.01015625 0.01953125
2 0.1484375 0.86953125 0.03046875 0.046875
2 0.37734375 0.8625 0.0171875 0.03828125
2 0.3890625 0.8578125 0.0125 0.034375
2 0.20859375 0.92265625 0.21015625 0.153125
2 0.40078125 0.859375 0.01328125 0.03046875
2 0.5421875 0.85625 0.0203125 0.0359375
2 0.34765625 0.8875 0.0625 0.08828125
2 0.44140625 0.853125 0.0203125 0.0359375
2 0.46875 0.86640625 0.03359375 0.05859375
2 0.071875 0.8796875 0.10390625 0.1203125
14 0.4859375 0.78671875 0.01015625 0.00546875
14 0.465625 0.78828125 0.009375 0.00546875