2 0.56875 0.846875 0.01640625 0.03984375
2 0.4 0.8375 0.01015625 0.01953125
2 0.00546875 0.86796875 0.0109375 0.04375
2 0.1109375 0.84296875 0.01484375 0.0296875
2 0.80234375 0.81015625 0.01171875 0.028125
2 0.77109375 0.81640625 0.01484375 0.034375
2 0.01484375 0.86875 0.02578125 0.04375
2 0.8296875 0.80625 0.01640625 0.03046875
2 0.4265625 0.83671875 0.01171875 0.021875
2 0.44140625 0.8359375 0.01953125 0.028125
2 0.040625 0.8640625 0.03203125 0.059375
2 0.0640625 0.8625 0.0234375 0.053125
2 0.25625 0.8671875 0.02578125 0.06015625
2 0.12890625 0.86796875 0.0390625 0.0703125
2 0.31171875 0.91875 0.13203125 0.159375
2 0.22734375 0.86640625 0.04296875 0.07109375
2 0.46484375 0.8578125 0.03515625 0.06015625
2 0.1609375 0.86953125 0.03515625 0.0609375
14 0.4765625 0.7703125 0.01015625 0.00546875
14 0.453125 0.771875 0.0109375 0.00546875