2 0.2609375 0.86875 0.02265625 0.05625
2 0.10390625 0.84296875 0.01640625 0.0296875
2 0.509375 0.83203125 0.00859375 0.01875
2 0.040625 0.8390625 0.0140625 0.028125
2 0.77734375 0.815625 0.01484375 0.034375
2 0.83984375 0.80546875 0.01796875 0.034375
2 0.27890625 0.8609375 0.025 0.0609375
2 0.0140625 0.86328125 0.02734375 0.0640625
2 0.03359375 0.86328125 0.03125 0.06015625
2 0.44140625 0.8359375 0.01796875 0.028125
2 0.24140625 0.86953125 0.03125 0.06484375
2 0.425 0.83671875 0.01328125 0.0234375
2 0.1203125 0.86875 0.03828125 0.07109375
2 0.31640625 0.91640625 0.12890625 0.16328125
2 0.46484375 0.85859375 0.03671875 0.0609375
2 0.21015625 0.86796875 0.04609375 0.0734375
2 0.15390625 0.871875 0.03671875 0.06328125
14 0.47578125 0.76953125 0.0109375 0.0046875
14 0.45234375 0.77109375 0.0109375 0.00546875