2 0.66796875 0.83828125 0.01640625 0.028125
2 0.75625 0.84921875 0.059375 0.06015625
2 0.85703125 0.83828125 0.01953125 0.04453125
2 0.83828125 0.84296875 0.02421875 0.03984375
2 0.9828125 0.8265625 0.0125 0.025
2 0.959375 0.8234375 0.01328125 0.03203125
2 0.13359375 0.87109375 0.02734375 0.05
2 0.11171875 0.87734375 0.01796875 0.03203125
2 0.99375 0.8203125 0.0125 0.03125
2 0.79765625 0.84453125 0.02578125 0.04609375
2 0.9515625 0.82578125 0.02109375 0.0390625
2 0.87578125 0.834375 0.03359375 0.0484375
2 0.93046875 0.8296875 0.02578125 0.0390625
11 0.16328125 0.71328125 0.015625 0.06953125