2 0.69453125 0.8765625 0.01171875 0.03046875
2 0.428125 0.8984375 0.02265625 0.05625
2 0.66640625 0.88125 0.01796875 0.034375
2 0.01328125 0.86953125 0.02578125 0.06640625
2 0.51640625 0.890625 0.02265625 0.05390625
2 0.659375 0.88359375 0.01953125 0.03359375
2 0.49453125 0.8953125 0.03046875 0.05
2 0.44609375 0.89375 0.03359375 0.05859375
2 0.74140625 0.86640625 0.01484375 0.04140625
2 0.59921875 0.8859375 0.0296875 0.04140625
2 0.540625 0.8875 0.0390625 0.06015625
2 0.62421875 0.88203125 0.028125 0.04453125
2 0.68359375 0.88046875 0.028125 0.03828125