2 0.4953125 0.8734375 0.009375 0.02421875
2 0.39921875 0.878125 0.01640625 0.0484375
2 0.31171875 0.8875 0.021875 0.03828125
2 0.88203125 0.85078125 0.02265625 0.046875
2 0.85390625 0.84765625 0.01484375 0.0265625
2 0.34375 0.884375 0.01328125 0.03203125
2 0.78828125 0.853125 0.01484375 0.025
2 0.27109375 0.88203125 0.01328125 0.04375
2 0.23046875 0.8875 0.03671875 0.04921875
2 0.1421875 0.8828125 0.06328125 0.0765625
2 0.33046875 0.88671875 0.03125 0.040625
2 0.259375 0.88359375 0.0328125 0.05078125
2 0.809375 0.8546875 0.02109375 0.03515625
2 0.02265625 0.88125 0.0453125 0.07890625