2 0.6890625 0.86796875 0.02421875 0.053125
2 0.790625 0.8609375 0.02421875 0.040625
2 0.91328125 0.84296875 0.0125 0.03359375
2 0.9390625 0.84375 0.0140625 0.02890625
2 0.0421875 0.88046875 0.0171875 0.03203125
2 0.94921875 0.83984375 0.01484375 0.03125
2 0.809375 0.85546875 0.01953125 0.04453125
2 0.88203125 0.84921875 0.02734375 0.0359375
2 0.90546875 0.84453125 0.021875 0.03828125
2 0.0625 0.8765625 0.02421875 0.0484375
2 0.74921875 0.8625 0.02734375 0.04921875
2 0.8296875 0.853125 0.03359375 0.05
2 0.96328125 0.83828125 0.02578125 0.034375
11 0.08984375 0.709375 0.0171875 0.06953125