2 0.6265625 0.8734375 0.01484375 0.03828125
2 0.74921875 0.85859375 0.01640625 0.03984375
2 0.7140625 0.865625 0.01015625 0.02890625
2 0.5734375 0.87578125 0.015625 0.046875
2 0.45078125 0.88671875 0.02109375 0.05546875
2 0.6875 0.8703125 0.01484375 0.03359375
2 0.41875 0.8859375 0.07265625 0.0734375
2 0.759375 0.85546875 0.01484375 0.04140625
2 0.5375 0.8796875 0.02109375 0.05390625
2 0.67734375 0.87421875 0.015625 0.03046875
2 0.6171875 0.8765625 0.028125 0.03984375
2 0.5171875 0.884375 0.02734375 0.046875
2 0.55859375 0.878125 0.0421875 0.05859375
2 0.4703125 0.884375 0.028125 0.0546875
2 0.64375 0.87109375 0.02734375 0.04453125
2 0.703125 0.86953125 0.02890625 0.03671875