5 0.4078125 0.74453125 0.015625 0.01171875
2 0.80390625 0.8296875 0.02421875 0.04453125
2 0.8125 0.828125 0.0171875 0.0390625
2 0.08671875 0.84765625 0.015625 0.034375
2 0.09921875 0.84921875 0.021875 0.03515625
2 0.46796875 0.84765625 0.01953125 0.02890625
2 0.40859375 0.8453125 0.02109375 0.03359375
2 0.5765625 0.853125 0.03125 0.04453125
2 0.25234375 0.8640625 0.075 0.09921875
5 0.4453125 0.7453125 0.01640625 0.0078125
5 0.50234375 0.7796875 0.009375 0.00546875
5 0.48359375 0.7796875 0.00859375 0.0046875