2 0.009375 0.834375 0.01875 0.0640625
2 0.5640625 0.8546875 0.01015625 0.03515625
2 0.59609375 0.8484375 0.015625 0.03828125
2 0.4015625 0.85078125 0.0203125 0.03203125
2 0.46796875 0.8515625 0.01953125 0.028125
2 0.578125 0.85859375 0.03046875 0.04609375
2 0.25234375 0.86875 0.07265625 0.09921875
2 0.0859375 0.853125 0.028125 0.03828125
5 0.5015625 0.7828125 0.0109375 0.00546875
5 0.48203125 0.784375 0.0109375 0.00703125
5 0.4421875 0.74921875 0.01640625 0.00859375
5 0.40390625 0.75 0.0171875 0.00859375