2 0.815625 0.8890625 0.028125 0.0953125
2 0.0046875 0.86640625 0.009375 0.0484375
3 0.409375 0.75078125 0.01015625 0.01328125
3 0.44296875 0.75 0.01484375 0.01328125
2 0.77421875 0.890625 0.015625 0.084375
2 0.11484375 0.8734375 0.02109375 0.040625
2 0.1328125 0.871875 0.01796875 0.0296875
2 0.01640625 0.86796875 0.02890625 0.05
2 0.1671875 0.8734375 0.02109375 0.03359375
2 0.09375 0.8734375 0.0296875 0.04375
2 0.1875 0.8734375 0.02265625 0.04296875
2 0.37265625 0.878125 0.03828125 0.0453125
2 0.41796875 0.86875 0.02265625 0.034375
0 0.04921875 0.48515625 0.059375 0.028125