2 0.93046875 0.884375 0.13671875 0.19609375
2 0.57890625 0.8484375 0.01484375 0.03671875
2 0.88671875 0.8703125 0.07109375 0.15703125
8 0.8328125 0.57109375 0.040625 0.02890625
8 0.6984375 0.67578125 0.01640625 0.01640625
2 0.7171875 0.909375 0.0484375 0.15078125
2 0.9953125 0.83828125 0.00859375 0.10078125
2 0.51796875 0.85390625 0.02734375 0.03828125
2 0.5375 0.85078125 0.0140625 0.03515625
2 0.50234375 0.85078125 0.0171875 0.04296875
2 0.48359375 0.853125 0.0265625 0.04296875
8 0.72421875 0.57421875 0.0375 0.02890625
2 0.5578125 0.846875 0.0296875 0.04921875
2 0.7640625 0.9109375 0.1390625 0.17421875