8 0.81953125 0.565625 0.040625 0.0296875
2 0.940625 0.88359375 0.11796875 0.19609375
2 0.70625 0.9125 0.05390625 0.15625
8 0.68125 0.675 0.015625 0.01640625
2 0.9953125 0.8359375 0.009375 0.103125
2 0.56015625 0.84765625 0.01640625 0.0359375
2 0.57109375 0.83828125 0.0125 0.025
8 0.70859375 0.56953125 0.03984375 0.02890625
2 0.88125 0.871875 0.07734375 0.159375
2 0.48359375 0.85234375 0.01796875 0.04375
2 0.5 0.8546875 0.02578125 0.0390625
2 0.51875 0.85234375 0.01328125 0.034375
2 0.46328125 0.853125 0.025 0.04140625
2 0.53828125 0.8484375 0.03046875 0.0515625
2 0.7546875 0.91171875 0.1484375 0.1734375