6 0.49375 0.705469 0.01875 0.0109375
0 0.0226563 0.839063 0.0140625 0.053125
2 0.144531 0.8375 0.0390625 0.04375
2 0.09375 0.823438 0.0375 0.040625
2 0.392188 0.825 0.01875 0.0125
2 0.359375 0.833594 0.01875 0.0203125
6 0.457031 0.707031 0.0171875 0.0109375
7 0.0929687 0.821875 0.0390625 0.04375
2 0.200781 0.836719 0.0421875 0.0390625
2 0.503125 0.828906 0.01875 0.0203125
2 0.175 0.840625 0.0625 0.040625
2 0.0515625 0.828125 0.0625 0.05
2 0.295312 0.830469 0.046875 0.0328125
2 0.439844 0.83125 0.0765625 0.05625
2 0.384375 0.8625 0.05625 0.065625
2 0.242188 0.83125 0.059375 0.0375
