2 0.14375 0.850781 0.0125 0.0265625
2 0.56875 0.835938 0.065625 0.046875
2 0.334375 0.835938 0.021875 0.0125
2 0.985937 0.78125 0.028125 0.0375
7 0.426562 0.835938 0.028125 0.034375
2 0.426562 0.836719 0.028125 0.0296875
2 0.445312 0.839063 0.0125 0.015625
2 0.395312 0.840625 0.021875 0.0375
6 0.449219 0.628906 0.0328125 0.0171875
2 0.0234375 0.848437 0.046875 0.034375
6 0.389062 0.632031 0.034375 0.0171875
2 0.367969 0.844531 0.0515625 0.0484375
2 0.199219 0.854688 0.0515625 0.034375
2 0.110156 0.848437 0.0703125 0.04375
2 0.297656 0.854688 0.110937 0.078125
