2 0.627344 0.882812 0.0265625 0.040625
7 0.327344 0.876562 0.0421875 0.053125
2 0.375 0.88125 0.0125 0.025
2 0.0351562 0.94375 0.0703125 0.1125
2 0.261719 0.8875 0.0453125 0.04375
2 0.0109375 0.875 0.021875 0.05
2 0.327344 0.878125 0.0421875 0.05
2 0.242188 0.884375 0.01875 0.025
2 0.53125 0.878125 0.0375 0.04375
2 0.557813 0.884375 0.08125 0.0625
2 0.975 0.828125 0.05 0.0625
2 0.901563 0.839844 0.046875 0.0546875
6 0.388281 0.736719 0.0265625 0.0140625
2 0.292188 0.885938 0.034375 0.0375
2 0.361719 0.882812 0.0265625 0.034375
2 0.219531 0.8875 0.0421875 0.0375
6 0.188281 0.538281 0.0640625 0.0328125
6 0.321875 0.533594 0.065625 0.0328125
2 0.127344 0.896875 0.154687 0.0875
2 0.823438 0.854688 0.134375 0.0875
