2 0.461719 0.875 0.0078125 0.01875
2 0.30625 0.86875 0.0125 0.01875
2 0.330469 0.873438 0.0453125 0.053125
7 0.332031 0.871875 0.0453125 0.05625
2 0.369531 0.876562 0.0140625 0.021875
6 0.389844 0.734375 0.0265625 0.0125
2 0.25 0.882812 0.03125 0.034375
2 0.360156 0.878125 0.0171875 0.025
2 0.971094 0.835938 0.0578125 0.059375
2 0.275 0.88125 0.025 0.034375
2 0.21875 0.884375 0.040625 0.0375
2 0.417969 0.875781 0.0140625 0.0171875
2 0.385156 0.877344 0.0203125 0.0234375
6 0.323438 0.529688 0.065625 0.034375
2 0.785156 0.857031 0.0734375 0.0546875
6 0.190625 0.535937 0.0625 0.034375
2 0.29375 0.882812 0.034375 0.034375
2 0.432031 0.878125 0.0203125 0.025
2 0.896094 0.846094 0.0890625 0.0640625
2 0.828125 0.919531 0.23125 0.160938
