2 0.0320312 0.946094 0.0640625 0.107813
2 0.274219 0.883594 0.0234375 0.0296875
2 0.246094 0.885938 0.0265625 0.034375
6 0.388281 0.736719 0.0265625 0.0140625
2 0.289844 0.885156 0.0359375 0.0359375
2 0.0132813 0.878125 0.0265625 0.04375
2 0.217969 0.8875 0.0421875 0.0375
2 0.758594 0.866406 0.0671875 0.0640625
6 0.188281 0.538281 0.0640625 0.0328125
6 0.321875 0.533594 0.065625 0.0328125
2 0.780469 0.857031 0.0578125 0.0578125
2 0.424219 0.889844 0.0765625 0.0671875
2 0.336719 0.889844 0.104687 0.0609375
2 0.675 0.870313 0.11875 0.0875
2 0.93125 0.84375 0.13125 0.075
