2 0.967188 0.840625 0.053125 0.05
2 0.160156 0.888281 0.0515625 0.0359375
2 0.304688 0.873438 0.009375 0.015625
2 0.396094 0.880469 0.0109375 0.0171875
2 0.246094 0.885938 0.0265625 0.03125
7 0.330469 0.875 0.0484375 0.05625
2 0.330469 0.876562 0.0484375 0.053125
2 0.3875 0.882812 0.015625 0.021875
2 0.273438 0.884375 0.021875 0.03125
6 0.388281 0.736719 0.0265625 0.0140625
2 0.217969 0.8875 0.0421875 0.0375
2 0.730469 0.870313 0.0859375 0.065625
6 0.188281 0.538281 0.0640625 0.0328125
2 0.292188 0.885938 0.034375 0.034375
6 0.321875 0.533594 0.065625 0.0328125
2 0.36875 0.882812 0.028125 0.03125
2 0.686719 0.873438 0.0703125 0.059375
2 0.825 0.8625 0.13125 0.075
