2 0.976562 0.829687 0.021875 0.034375
2 0.132812 0.863281 0.265625 0.273438
2 0.73125 0.842969 0.034375 0.0265625
2 0.74375 0.835156 0.025 0.0203125
2 0.897656 0.824219 0.0703125 0.0578125
2 0.784375 0.834375 0.0625 0.0375
2 0.422656 0.85625 0.0140625 0.01875
2 0.991406 0.814062 0.0171875 0.040625
2 0.442969 0.854688 0.0140625 0.015625
2 0.679688 0.878125 0.040625 0.0875
2 0.495313 0.859375 0.0125 0.01875
6 0.433594 0.74375 0.0203125 0.0125
2 0.659375 0.853125 0.053125 0.04375
2 0.823438 0.842188 0.096875 0.0375
2 0.940625 0.823438 0.0875 0.059375
6 0.421094 0.650781 0.0390625 0.0203125
6 0.341406 0.652344 0.0390625 0.0203125
2 0.467187 0.858594 0.021875 0.0265625
2 0.373437 0.903125 0.10625 0.153125
2 0.603906 0.903906 0.114063 0.126563
2 0.275781 0.928906 0.173438 0.142188
