2 0.0351562 0.941406 0.0703125 0.117188
7 0.408594 0.882812 0.0765625 0.065625
2 0.236719 0.890625 0.0296875 0.040625
2 0.216406 0.8875 0.0328125 0.0375
6 0.388281 0.736719 0.0265625 0.0140625
2 0.409375 0.882812 0.078125 0.065625
6 0.188281 0.538281 0.0640625 0.0328125
2 0.260938 0.889063 0.06875 0.053125
6 0.321875 0.533594 0.065625 0.0328125
2 0.553906 0.882031 0.0796875 0.0703125
2 0.0570313 0.878125 0.0765625 0.05625
2 0.9375 0.839844 0.121875 0.0859375
2 0.321094 0.902344 0.154687 0.0890625
2 0.135937 0.889063 0.134375 0.078125
