2 0.5234375 0.86484375 0.13203125 0.08359375 
2 0.24296875 0.8703125 0.01796875 0.0390625 
2 0.88828125 0.83359375 0.025 0.0296875 
2 0.36484375 0.86875 0.01953125 0.028125 
2 0.990625 0.80703125 0.01875 0.03359375 
2 0.0546875 0.90625 0.0921875 0.09375 
2 0.00703125 0.91875 0.01328125 0.159375 
2 0.465625 0.85703125 0.02109375 0.03046875 
2 0.4078125 0.86328125 0.025 0.0296875 
2 0.31328125 0.86796875 0.0171875 0.03046875 
2 0.95625 0.825 0.034375 0.0484375 
2 0.259375 0.878125 0.03203125 0.03984375 
2 0.334375 0.86953125 0.03125 0.03515625 
2 0.596875 0.8734375 0.03984375 0.05 
2 0.91328125 0.85859375 0.0609375 0.09140625 
2 0.86171875 0.89453125 0.06875 0.1296875 
2 0.48515625 0.9234375 0.24921875 0.14921875 
2 0.95625 0.921875 0.0875 0.15546875 
2 0.77265625 0.91328125 0.20234375 0.1703125 
6 0.68046875 0.7265625 0.01953125 0.01015625 
6 0.63828125 0.72890625 0.021875 0.0109375 
