2 0.98203125 0.828125 0.0328125 0.10390625 
2 0.85625 0.81328125 0.02734375 0.03671875 
2 0.9953125 0.8265625 0.009375 0.10546875 
2 0.86640625 0.8359375 0.0375 0.08515625 
2 0.65546875 0.846875 0.0203125 0.06484375 
2 0.34140625 0.8859375 0.05078125 0.05546875 
2 0.675 0.8609375 0.02890625 0.09296875 
2 0.69921875 0.88359375 0.0625 0.12578125 
2 0.4984375 0.85703125 0.0265625 0.03671875 
2 0.59765625 0.86875 0.06328125 0.09296875 
2 0.89921875 0.83984375 0.0640625 0.1 
2 0.78671875 0.9046875 0.16015625 0.1890625 
7 0.7703125 0.703125 0.01796875 0.0109375 
7 0.71796875 0.70859375 0.01875 0.01015625 
