2 0.65703125 0.840625 0.01875 0.021875 
2 0.74921875 0.9 0.04140625 0.0796875 
2 0.17265625 0.840625 0.02734375 0.03046875 
2 0.1375 0.83828125 0.0375 0.04609375 
2 0.571875 0.859375 0.03203125 0.04453125 
2 0.68515625 0.840625 0.02421875 0.02890625 
2 0.034375 0.9125 0.06875 0.175 
2 0.6296875 0.85546875 0.02734375 0.0515625 
2 0.6 0.8734375 0.0453125 0.06015625 
2 0.66796875 0.9109375 0.10078125 0.12578125 
2 0.7328125 0.859375 0.0359375 0.046875 
2 0.7953125 0.896875 0.10078125 0.1296875 
2 0.90234375 0.90390625 0.1890625 0.19140625 
2 0.5078125 0.9296875 0.22890625 0.140625 
11 0.80546875 0.646875 0.03359375 0.01796875 
11 0.7125 0.653125 0.034375 0.01796875 
