2 0.19609375 0.86796875 0.08515625 0.06171875 
2 0.2640625 0.87265625 0.01953125 0.02890625 
2 0.1859375 0.88671875 0.11484375 0.0859375 
2 0.290625 0.87421875 0.02578125 0.03359375 
2 0.246875 0.875 0.01875 0.0296875 
2 0.5859375 0.846875 0.021875 0.03125 
2 0.46796875 0.86328125 0.02734375 0.0359375 
2 0.9953125 0.80546875 0.009375 0.0296875 
2 0.34375 0.8734375 0.025 0.04375 
2 0.07421875 0.87890625 0.04765625 0.046875 
2 0.06640625 0.9359375 0.1328125 0.121875 
2 0.3734375 0.878125 0.046875 0.059375 
2 0.4265625 0.88203125 0.04921875 0.065625 
2 0.83359375 0.875 0.11640625 0.121875 
2 0.17890625 0.921875 0.14375 0.14296875 
2 0.5 0.921875 0.12734375 0.1515625 
6 0.1234375 0.47890625 0.06640625 0.0265625 
6 0.3546875 0.7171875 0.025 0.01484375 
6 0.42109375 0.7140625 0.0234375 0.0140625 
