2 0.48203125 0.884375 0.03984375 0.06484375 
2 0.571875 0.86953125 0.0234375 0.06484375 
2 0.05546875 0.828125 0.02109375 0.03671875 
2 0.61484375 0.87890625 0.03828125 0.0859375 
2 0.14375 0.84296875 0.021875 0.03359375 
2 0.19453125 0.846875 0.02265625 0.02578125 
2 0.5421875 0.925 0.08203125 0.14453125 
2 0.56953125 0.84609375 0.021875 0.03828125 
2 0.4359375 0.9234375 0.0578125 0.13359375 
2 0.54921875 0.86953125 0.05546875 0.08671875 
2 0.59609375 0.87265625 0.02890625 0.0734375 
2 0.84296875 0.8734375 0.08125 0.109375 
2 0.90703125 0.91171875 0.184375 0.175 
2 0.63828125 0.88515625 0.071875 0.1 
2 0.753125 0.9140625 0.18671875 0.16328125 
11 0.70859375 0.74765625 0.0140625 0.00703125 
11 0.67734375 0.75 0.015625 0.00859375 
