2 0.59609375 0.85390625 0.01328125 0.02578125 
2 0.2546875 0.86953125 0.0359375 0.03671875 
2 0.16015625 0.86953125 0.05859375 0.06328125 
11 0.45234375 0.50390625 0.05625 0.03203125 
11 0.28828125 0.50546875 0.0578125 0.03046875 
2 0.08828125 0.86953125 0.05078125 0.0609375 
2 0.02109375 0.85859375 0.0421875 0.090625 
2 0.55546875 0.859375 0.01953125 0.03359375 
2 0.65546875 0.884375 0.0484375 0.06171875 
2 0.4265625 0.9015625 0.05546875 0.103125 
2 0.4046875 0.8625 0.0265625 0.0359375 
2 0.5875 0.8671875 0.02890625 0.03984375 
2 0.328125 0.8984375 0.09609375 0.09296875 
2 0.48359375 0.92578125 0.14375 0.14140625 
2 0.734375 0.9265625 0.12890625 0.14296875 
