2 0.096875 0.85078125 0.02734375 0.03046875 
2 0.86875 0.89375 0.1484375 0.19453125 
2 0.56328125 0.846875 0.02265625 0.046875 
0 0.1890625 0.85703125 0.0078125 0.065625 
5 0.96796875 0.90703125 0.0640625 0.1859375 
2 0.96796875 0.90859375 0.0640625 0.18203125 
2 0.5703125 0.85 0.01171875 0.03515625 
2 0.221875 0.85390625 0.03984375 0.03671875 
2 0.76796875 0.85859375 0.05234375 0.090625 
2 0.73984375 0.84765625 0.0234375 0.053125 
2 0.1234375 0.85078125 0.0359375 0.03359375 
2 0.5984375 0.84765625 0.0265625 0.034375 
2 0.68359375 0.90078125 0.121875 0.175 
2 0.49609375 0.90390625 0.19140625 0.1890625 
