2 0.2953125 0.86328125 0.02421875 0.03203125 
2 0.403125 0.8640625 0.02578125 0.03046875 
9 0.78984375 0.59375 0.04140625 0.02578125 
2 0.11015625 0.859375 0.025 0.03359375 
2 0.0765625 0.853125 0.02890625 0.03125 
9 0.65625 0.603125 0.040625 0.0234375 
2 0.27890625 0.86171875 0.04765625 0.0390625 
2 0.465625 0.86171875 0.05234375 0.05078125 
2 0.1890625 0.86640625 0.06796875 0.0609375 
2 0.365625 0.88359375 0.09140625 0.09296875 
2 0.90859375 0.8640625 0.10625 0.09921875 
2 0.5109375 0.92578125 0.14921875 0.1453125 
