2 0.5640625 0.84375 0.009375 0.021875 
6 0.58828125 0.7453125 0.01328125 0.00859375 
2 0.31640625 0.875 0.02109375 0.04296875 
6 0.63671875 0.64921875 0.025 0.0171875 
2 0.45859375 0.85703125 0.01953125 0.028125 
2 0.15859375 0.89453125 0.08984375 0.1015625 
2 0.33828125 0.8765625 0.04765625 0.05546875 
6 0.55078125 0.65234375 0.02109375 0.01953125 
2 0.378125 0.86796875 0.03046875 0.03515625 
2 0.590625 0.85625 0.025 0.04609375 
2 0.42578125 0.85703125 0.03125 0.040625 
2 0.63046875 0.871875 0.0640625 0.09140625 
2 0.53828125 0.871875 0.0515625 0.08515625 
2 0.0421875 0.88828125 0.084375 0.1359375 
2 0.784375 0.8734375 0.11015625 0.13125 
