7 0.65078125 0.721875 0.0203125 0.0109375 
2 0.6671875 0.834375 0.01796875 0.025 
7 0.58828125 0.7265625 0.02109375 0.0109375 
2 0.36796875 0.84921875 0.0265625 0.025 
2 0.53046875 0.86015625 0.0375 0.05390625 
2 0.82109375 0.8265625 0.0390625 0.05 
2 0.546875 0.85234375 0.01640625 0.03203125 
2 0.5640625 0.84609375 0.01796875 0.02890625 
2 0.853125 0.840625 0.05390625 0.078125 
2 0.59296875 0.865625 0.025 0.06875 
2 0.80546875 0.85078125 0.0359375 0.0640625 
2 0.5765625 0.8609375 0.01953125 0.053125 
2 0.45625 0.8609375 0.0359375 0.06640625 
2 0.609375 0.8734375 0.0359375 0.08046875 
2 0.6421875 0.896875 0.0578125 0.128125 
2 0.49375 0.91953125 0.1265625 0.15625 
2 0.8828125 0.89296875 0.234375 0.2140625 
2 0.72890625 0.903125 0.17109375 0.190625 
