2 0.3921875 0.86171875 0.01328125 0.021875 
2 0.0875 0.9 0.04765625 0.06484375 
2 0.98515625 0.84609375 0.0296875 0.07421875 
2 0.35859375 0.875 0.02890625 0.03125 
2 0.4609375 0.859375 0.01953125 0.03359375 
2 0.371875 0.871875 0.01796875 0.03046875 
2 0.44140625 0.865625 0.0265625 0.03203125 
2 0.31953125 0.87578125 0.02421875 0.03359375 
2 0.1125 0.884375 0.05625 0.07109375 
2 0.15625 0.87890625 0.0328125 0.034375 
2 0.98984375 0.809375 0.0203125 0.034375 
2 0.2921875 0.88046875 0.02578125 0.04296875 
2 0.95234375 0.82109375 0.05 0.04375 
2 0.58125 0.86796875 0.025 0.046875 
2 0.40625 0.86640625 0.025 0.03359375 
2 0.2515625 0.878125 0.0375 0.05078125 
2 0.48046875 0.92265625 0.2640625 0.1546875 
2 0.9109375 0.91796875 0.165625 0.15859375 
2 0.7421875 0.9171875 0.175 0.165625 
6 0.63828125 0.73203125 0.01953125 0.01328125 
6 0.68203125 0.728125 0.01953125 0.01015625 
