2 0.28671875 0.84375 0.02109375 0.0390625 
2 0.01171875 0.8484375 0.02265625 0.071875 
2 0.58125 0.82890625 0.01796875 0.0234375 
2 0.39765625 0.84140625 0.03203125 0.03125 
2 0.1484375 0.853125 0.03359375 0.04453125 
2 0.16171875 0.85703125 0.028125 0.0390625 
2 0.42578125 0.8484375 0.01875 0.03828125 
2 0.6140625 0.83203125 0.0359375 0.0390625 
7 0.4015625 0.7109375 0.0140625 0.0140625 
2 0.35078125 0.84609375 0.02578125 0.03203125 
2 0.03125 0.853125 0.05 0.0640625 
2 0.26484375 0.85078125 0.05546875 0.06015625 
2 0.46953125 0.8578125 0.025 0.065625 
2 0.08671875 0.8625 0.03359375 0.04140625 
2 0.4453125 0.86953125 0.053125 0.0796875 
2 0.3125 0.878125 0.06328125 0.08359375 
2 0.51953125 0.871875 0.059375 0.08515625 
2 0.63203125 0.86796875 0.059375 0.08046875 
2 0.3796875 0.89296875 0.09453125 0.11640625 
2 0.21640625 0.9015625 0.134375 0.128125 
7 0.47734375 0.75546875 0.01328125 0.0109375 
