2 0.20390625 0.88125 0.02421875 0.03359375 
2 0.12578125 0.9015625 0.02109375 0.05625 
2 0.36640625 0.87109375 0.02421875 0.02890625 
2 0.9703125 0.81171875 0.021875 0.028125 
2 0.99140625 0.80703125 0.0171875 0.03046875 
2 0.59296875 0.86015625 0.03671875 0.0609375 
2 0.7578125 0.85703125 0.01953125 0.06328125 
2 0.671875 0.853125 0.0265625 0.0390625 
2 0.4046875 0.865625 0.02578125 0.03203125 
2 0.2890625 0.88125 0.03671875 0.0484375 
2 0.1625 0.89375 0.06796875 0.06875 
2 0.65625 0.8640625 0.02265625 0.046875 
2 0.62890625 0.88828125 0.06640625 0.09453125 
2 0.7765625 0.8640625 0.04921875 0.0796875 
2 0.47578125 0.925 0.284375 0.15 
2 0.7171875 0.875 0.06796875 0.0890625 
2 0.93046875 0.915625 0.1390625 0.16640625 
6 0.6828125 0.72578125 0.0203125 0.01015625 
6 0.63984375 0.7296875 0.01875 0.009375 
