2 0.48515625 0.88203125 0.03984375 0.065625 
2 0.6734375 0.86953125 0.0234375 0.06328125 
2 0.4375 0.925 0.06015625 0.128125 
2 0.57578125 0.8796875 0.021875 0.059375 
2 0.54296875 0.9265625 0.08046875 0.13984375 
2 0.43984375 0.85 0.03125 0.03359375 
2 0.60546875 0.87578125 0.03046875 0.08046875 
2 0.5421875 0.87109375 0.07890625 0.0953125 
2 0.8421875 0.87421875 0.07578125 0.1140625 
2 0.90859375 0.91171875 0.1796875 0.171875 
2 0.6390625 0.88671875 0.07421875 0.1109375 
2 0.76015625 0.91328125 0.19453125 0.16640625 
2 0.1171875 0.89921875 0.23203125 0.20078125 
7 0.678125 0.75078125 0.01484375 0.009375 
