11 0.85546875 0.60078125 0.0328125 0.021875 
2 0.025 0.83203125 0.02578125 0.03046875 
2 0.95 0.91953125 0.1 0.15703125 
11 0.73984375 0.6125 0.04453125 0.0234375 
2 0.62265625 0.89375 0.05859375 0.090625 
2 0.06953125 0.84140625 0.0296875 0.03125 
2 0.11796875 0.85625 0.03046875 0.03984375 
2 0.7453125 0.9109375 0.12578125 0.17578125 
2 0.13984375 0.8515625 0.034375 0.03671875 
2 0.50703125 0.92109375 0.13828125 0.15546875 
2 0.87421875 0.884375 0.053125 0.08984375 
2 0.18359375 0.928125 0.13359375 0.140625 
