2 0.7359375 0.82578125 0.02421875 0.028125 
2 0.65625 0.83828125 0.01484375 0.028125 
2 0.75234375 0.87890625 0.03359375 0.1 
2 0.23984375 0.89921875 0.0265625 0.06484375 
2 0.6046875 0.846875 0.01640625 0.040625 
0 0.69140625 0.8484375 0.01328125 0.04921875 
2 0.36171875 0.8609375 0.02734375 0.0359375 
4 0.4953125 0.87890625 0.01328125 0.05 
4 0.23984375 0.89921875 0.0265625 0.0640625 
2 0.5234375 0.85078125 0.0140625 0.0265625 
2 0.8453125 0.83671875 0.015625 0.034375 
2 0.8265625 0.834375 0.03125 0.0453125 
2 0.63203125 0.8390625 0.01875 0.03046875 
2 0.5078125 0.85546875 0.01953125 0.03515625 
4 0.69140625 0.8546875 0.0125 0.04296875 
2 0.67109375 0.84140625 0.02421875 0.03125 
2 0.42578125 0.86328125 0.03203125 0.040625 
2 0.540625 0.85390625 0.02265625 0.03671875 
2 0.5734375 0.86171875 0.04765625 0.0734375 
2 0.78515625 0.88046875 0.096875 0.11875 
