2 0.32265625 0.85546875 0.04453125 0.04609375 
2 0.4625 0.8390625 0.0234375 0.02578125 
2 0.2796875 0.86171875 0.02421875 0.0390625 
2 0.5875 0.865625 0.0421875 0.0609375 
2 0.75078125 0.82421875 0.01953125 0.02578125 
2 0.3671875 0.85 0.028125 0.0390625 
2 0.26015625 0.8609375 0.034375 0.0484375 
2 0.80390625 0.8546875 0.06875 0.08359375 
2 0.7859375 0.82421875 0.04296875 0.0390625 
2 0.66171875 0.834375 0.10078125 0.20078125 
2 0.95390625 0.803125 0.046875 0.04296875 
2 0.9765625 0.84453125 0.046875 0.10625 
2 0.73828125 0.8609375 0.05859375 0.09609375 
2 0.88203125 0.88828125 0.165625 0.1640625 
2 0.50703125 0.90546875 0.16015625 0.15390625 
7 0.67109375 0.71875 0.01953125 0.009375 
7 0.63125 0.7203125 0.01796875 0.01015625 
