2 0.23125 0.85 0.028125 0.03671875 
2 0.615625 0.86171875 0.02109375 0.0359375 
2 0.7421875 0.853125 0.05 0.04296875 
2 0.18671875 0.8359375 0.025 0.03203125 
2 0.80390625 0.88046875 0.059375 0.09921875 
2 0.63828125 0.89765625 0.05703125 0.11015625 
2 0.25703125 0.896875 0.07421875 0.08671875 
2 0.51796875 0.92734375 0.26328125 0.1453125 
2 0.8875 0.91875 0.22421875 0.15859375 
2 0.7125 0.91953125 0.13515625 0.1546875 
2 0.09765625 0.921875 0.146875 0.13125 
11 0.67890625 0.69375 0.025 0.01171875 
11 0.75078125 0.68984375 0.02421875 0.0125 
