2 0.73671875 0.8484375 0.04921875 0.04921875 
2 0.4546875 0.8734375 0.16484375 0.0640625 
7 0.60859375 0.71484375 0.015625 0.01484375 
2 0.45546875 0.859375 0.05546875 0.05 
2 0.5828125 0.84765625 0.0328125 0.03046875 
2 0.60546875 0.87421875 0.0328125 0.06796875 
2 0.36953125 0.85703125 0.0328125 0.02890625 
2 0.63359375 0.88359375 0.04296875 0.09609375 
2 0.93046875 0.9 0.1390625 0.2 
2 0.45390625 0.92734375 0.34375 0.1453125 
2 0.6765625 0.896875 0.0890625 0.125 
2 0.7953125 0.915625 0.2125 0.16796875 
7 0.68515625 0.71015625 0.025 0.0109375 
