2 0.940625 0.8234375 0.01640625 0.028125 
2 0.52734375 0.85546875 0.01953125 0.0265625 
2 0.4890625 0.86328125 0.02109375 0.028125 
2 0.509375 0.8640625 0.02109375 0.0296875 
2 0.64921875 0.84140625 0.015625 0.02578125 
2 0.7109375 0.8390625 0.0140625 0.03125 
2 0.61875 0.840625 0.02109375 0.025 
5 0.79765625 0.81875 0.02734375 0.06953125 
2 0.74921875 0.8359375 0.02421875 0.03046875 
2 0.72578125 0.84375 0.025 0.0390625 
2 0.66796875 0.85703125 0.04140625 0.06015625 
2 0.86171875 0.85703125 0.075 0.10625 
2 0.58359375 0.88046875 0.06953125 0.1109375 
