2 0.54140625 0.84609375 0.10390625 0.0515625 
11 0.67890625 0.69375 0.0265625 0.01484375 
2 0.503125 0.84921875 0.02421875 0.03828125 
2 0.23125 0.84296875 0.03046875 0.0296875 
2 0.6484375 0.896875 0.0609375 0.11328125 
2 0.6046875 0.85703125 0.03046875 0.046875 
2 0.6203125 0.878125 0.0328125 0.06875 
2 0.8171875 0.878125 0.09609375 0.10546875 
2 0.41875 0.875 0.0578125 0.1203125 
2 0.88515625 0.91640625 0.228125 0.159375 
2 0.71796875 0.9203125 0.12421875 0.1515625 
2 0.27109375 0.890625 0.07578125 0.08125 
2 0.51953125 0.92578125 0.26328125 0.1484375 
2 0.334375 0.8765625 0.05234375 0.0609375 
2 0.1109375 0.91875 0.1421875 0.13359375 
11 0.75078125 0.6875 0.02578125 0.0125 
