2 0.575 0.88671875 0.01328125 0.05 
2 0.00703125 0.85546875 0.0125 0.04296875 
2 0.07109375 0.87421875 0.03046875 0.07890625 
0 0.4984375 0.88046875 0.01328125 0.09921875 
2 0.67578125 0.86796875 0.025 0.0640625 
7 0.09453125 0.53359375 0.04609375 0.03203125 
0 0.47890625 0.8828125 0.015625 0.1046875 
2 0.59609375 0.88671875 0.04375 0.07890625 
2 0.98046875 0.83046875 0.0390625 0.0984375 
2 0.65078125 0.8734375 0.0703125 0.075 
2 0.021875 0.8609375 0.03984375 0.046875 
2 0.94375 0.83359375 0.0625 0.084375 
2 0.09453125 0.88046875 0.07421875 0.096875 
2 0.246875 0.9328125 0.16640625 0.1265625 
17 0.35546875 0.75703125 0.01796875 0.0625 
