2 0.034375 0.84140625 0.0171875 0.03046875 
2 0.99375 0.91015625 0.0125 0.15 
2 0.93203125 0.9203125 0.0171875 0.021875 
2 0.05625 0.84140625 0.053125 0.04453125 
2 0.75625 0.85390625 0.02890625 0.05625 
2 0.2125 0.85390625 0.0421875 0.03671875 
2 0.1046875 0.8515625 0.0390625 0.03203125 
2 0.58984375 0.8515625 0.03671875 0.04140625 
2 0.690625 0.90546875 0.12890625 0.18359375 
2 0.490625 0.90234375 0.215625 0.1953125 
7 0.77265625 0.715625 0.02109375 0.01015625 
7 0.73046875 0.71953125 0.0203125 0.01328125 
