2 0.63125 0.853125 0.01640625 0.0296875 
2 0.6 0.85 0.01796875 0.02578125 
2 0.94765625 0.81953125 0.040625 0.04296875 
2 0.66171875 0.86171875 0.03359375 0.05 
2 0.83046875 0.82890625 0.03125 0.053125 
2 0.5828125 0.85703125 0.0171875 0.03359375 
2 0.96796875 0.81796875 0.028125 0.0390625 
2 0.990625 0.8109375 0.01640625 0.0390625 
2 0.87421875 0.86328125 0.0546875 0.0703125 
2 0.4015625 0.865625 0.03203125 0.03359375 
2 0.896875 0.8640625 0.065625 0.071875 
2 0.6140625 0.88125 0.0546875 0.071875 
2 0.34140625 0.86953125 0.03046875 0.04609375 
2 0.98828125 0.88203125 0.0234375 0.1640625 
2 0.24296875 0.87890625 0.03515625 0.05078125 
2 0.79921875 0.8765625 0.10390625 0.15 
2 0.478125 0.92265625 0.290625 0.1546875 
2 0.70546875 0.915625 0.134375 0.16640625 
6 0.6828125 0.72578125 0.01953125 0.009375 
6 0.6390625 0.73046875 0.0203125 0.01015625 
