2 0.5859375 0.85546875 0.01796875 0.02578125 
2 0.14375 0.8984375 0.03125 0.0546875 
2 0.2859375 0.87109375 0.01640625 0.028125 
2 0.46015625 0.859375 0.03359375 0.03046875 
6 0.2671875 0.6125 0.03671875 0.02265625 
2 0.4078125 0.88046875 0.03671875 0.06875 
2 0.92265625 0.82734375 0.0203125 0.0265625 
2 0.22109375 0.8765625 0.01796875 0.02890625 
2 0.265625 0.87421875 0.0234375 0.03203125 
2 0.3015625 0.88125 0.02421875 0.053125 
2 0.23984375 0.871875 0.02265625 0.03984375 
2 0.20078125 0.875 0.02421875 0.03515625 
2 0.328125 0.890625 0.04765625 0.078125 
2 0.08359375 0.91875 0.165625 0.16171875 
2 0.71875 0.878125 0.0828125 0.08046875 
2 0.3796875 0.91328125 0.084375 0.10859375 
2 0.49140625 0.928125 0.16640625 0.14375 
6 0.17265625 0.61875 0.0421875 0.021875 
6 0.3890625 0.7421875 0.02109375 0.0140625 
6 0.44375 0.740625 0.02109375 0.0125 
