2 0.0296875 0.83671875 0.05859375 0.278125 
11 0.815625 0.6390625 0.028125 0.021875 
2 0.58984375 0.86484375 0.0390625 0.0609375 
2 0.9734375 0.88671875 0.053125 0.07890625 
2 0.09453125 0.90703125 0.06953125 0.10390625 
3 0.0296875 0.834375 0.059375 0.271875 
2 0.9625 0.934375 0.075 0.13125 
2 0.64921875 0.90234375 0.078125 0.11171875 
2 0.834375 0.90703125 0.15703125 0.18046875 
2 0.51875 0.9203125 0.1390625 0.159375 
2 0.925 0.865625 0.05390625 0.09453125 
2 0.3140625 0.884375 0.05546875 0.08203125 
2 0.18203125 0.92578125 0.14375 0.14453125 
11 0.715625 0.6421875 0.0359375 0.015625 
