2 0.18515625 0.834375 0.02734375 0.03515625 
2 0.09375 0.81875 0.02421875 0.0390625 
2 0.70078125 0.815625 0.02265625 0.028125 
2 0.24375 0.84453125 0.03515625 0.04296875 
2 0.146875 0.8234375 0.02890625 0.02890625 
2 0.728125 0.825 0.03671875 0.040625 
7 0.68515625 0.6671875 0.01875 0.015625 
2 0.2046875 0.83125 0.02578125 0.03046875 
7 0.76640625 0.6609375 0.0203125 0.01875 
2 0.27734375 0.878125 0.0421875 0.08515625 
2 0.66640625 0.90078125 0.09453125 0.16171875 
2 0.2515625 0.871875 0.04140625 0.06640625 
2 0.0234375 0.9140625 0.04609375 0.16484375 
2 0.92109375 0.8984375 0.1578125 0.19921875 
2 0.528125 0.9125 0.25390625 0.175 
2 0.7609375 0.92109375 0.16328125 0.15625 
