7 0.27890625 0.66328125 0.01953125 0.01640625 
7 0.3484375 0.65859375 0.01796875 0.01875 
2 0.4609375 0.86328125 0.05 0.06328125 
2 0.2921875 0.8484375 0.0640625 0.05859375 
2 0.09140625 0.88046875 0.078125 0.109375 
2 0.40546875 0.87890625 0.06640625 0.11171875 
2 0.05234375 0.90625 0.10234375 0.18671875 
2 0.65546875 0.878125 0.07734375 0.09375 
2 0.32109375 0.9203125 0.1609375 0.159375 
2 0.49921875 0.91640625 0.165625 0.1609375 
2 0.18515625 0.89609375 0.14375 0.1640625 
7 0.421875 0.73984375 0.015625 0.00703125 
7 0.46875 0.73828125 0.01640625 0.00703125 
