2 0.37421875 0.86796875 0.01640625 0.05 
6 0.73125 0.4703125 0.0390625 0.03125 
2 0.41328125 0.86484375 0.03046875 0.03671875 
2 0.246875 0.88203125 0.06015625 0.0609375 
2 0.34453125 0.86796875 0.05546875 0.06875 
2 0.60625 0.85625 0.0296875 0.05078125 
6 0.56796875 0.48046875 0.04453125 0.03359375 
2 0.55234375 0.86796875 0.05 0.08359375 
2 0.85 0.87890625 0.14609375 0.16640625 
2 0.0703125 0.90078125 0.10546875 0.09453125 
2 0.65390625 0.87265625 0.07265625 0.10859375 
6 0.60625 0.71484375 0.0171875 0.0109375 
17 0.83359375 0.7703125 0.00859375 0.03515625 
