2 0.0328125 0.91875 0.06484375 0.16171875 
2 0.621875 0.87109375 0.03046875 0.053125 
2 0.6484375 0.8984375 0.05546875 0.1140625 
2 0.33046875 0.8640625 0.01875 0.028125 
2 0.79375 0.86875 0.04140625 0.075 
2 0.82109375 0.88125 0.0921875 0.11015625 
2 0.76328125 0.8640625 0.034375 0.046875 
2 0.60234375 0.85546875 0.03125 0.04296875 
2 0.2296875 0.84375 0.03203125 0.03046875 
2 0.3875 0.87109375 0.05078125 0.05 
2 0.44921875 0.86171875 0.03984375 0.0390625 
2 0.71484375 0.921875 0.1296875 0.14921875 
2 0.88515625 0.91328125 0.2296875 0.1640625 
2 0.5203125 0.92421875 0.25703125 0.1515625 
2 0.3015625 0.8859375 0.06640625 0.071875 
2 0.18359375 0.90859375 0.1078125 0.109375 
11 0.7515625 0.690625 0.025 0.0125 
11 0.6796875 0.69375 0.0265625 0.0109375 
