2 0.521875 0.84453125 0.01796875 0.03515625 
2 0.034375 0.85625 0.02265625 0.0390625 
5 0.66796875 0.84375 0.03671875 0.07109375 
2 0.25390625 0.859375 0.02109375 0.028125 
5 0.52734375 0.9140625 0.05234375 0.1640625 
11 0.83828125 0.6953125 0.02421875 0.015625 
2 0.66953125 0.84453125 0.03828125 0.0703125 
2 0.19921875 0.8609375 0.03203125 0.053125 
2 0.1015625 0.86015625 0.03828125 0.05 
2 0.071875 0.85703125 0.06875 0.0515625 
2 0.61796875 0.86171875 0.03671875 0.0390625 
2 0.2296875 0.86875 0.06015625 0.0515625 
2 0.0171875 0.853125 0.03359375 0.04609375 
2 0.27265625 0.871875 0.03515625 0.04921875 
2 0.575 0.884375 0.0578125 0.08046875 
2 0.3703125 0.87109375 0.05234375 0.07890625 
2 0.33515625 0.86875 0.05390625 0.075 
2 0.7640625 0.85546875 0.0296875 0.04140625 
2 0.72109375 0.859375 0.04453125 0.0640625 
2 0.45859375 0.89140625 0.0828125 0.1015625 
2 0.86796875 0.909375 0.26328125 0.18046875 
11 0.7859375 0.69921875 0.0234375 0.0125 
