2 0.6234375 0.8515625 0.01328125 0.03671875 
2 0.60703125 0.84921875 0.01796875 0.04453125 
2 0.6328125 0.86484375 0.02890625 0.0609375 
2 0.87734375 0.8859375 0.24453125 0.228125 
2 0.51796875 0.84453125 0.02578125 0.0484375 
2 0.403125 0.865625 0.0359375 0.0546875 
2 0.4921875 0.85546875 0.03671875 0.05390625 
2 0.73515625 0.91640625 0.09296875 0.16015625 
2 0.3515625 0.871875 0.03984375 0.090625 
2 0.4265625 0.884375 0.07265625 0.07890625 
2 0.65546875 0.8765625 0.03828125 0.08828125 
2 0.6875 0.890625 0.0546875 0.11953125 
2 0.24921875 0.9046875 0.215625 0.190625 
