2 0.5296875 0.840625 0.01328125 0.0234375 
2 0.4953125 0.8484375 0.0171875 0.0296875 
2 0.55390625 0.84375 0.01328125 0.028125 
2 0.11953125 0.92265625 0.0546875 0.084375 
2 0.41015625 0.86328125 0.015625 0.0296875 
2 0.31328125 0.8890625 0.03984375 0.05859375 
2 0.61015625 0.84765625 0.0203125 0.0453125 
2 0.284375 0.9109375 0.0546875 0.09140625 
2 0.428125 0.8609375 0.02734375 0.0390625 
2 0.515625 0.86171875 0.03671875 0.05546875 
2 0.05703125 0.92734375 0.11328125 0.1453125 
2 0.74609375 0.86484375 0.0859375 0.121875 
2 0.5828125 0.87421875 0.0609375 0.09921875 
2 0.19609375 0.9234375 0.14453125 0.153125 
