2 0.0109375 0.928125 0.021875 0.140625 
2 0.43203125 0.88671875 0.034375 0.09453125 
7 0.43359375 0.74765625 0.01484375 0.0109375 
2 0.01328125 0.8609375 0.02578125 0.04140625 
2 0.05859375 0.85859375 0.03359375 0.0390625 
7 0.31953125 0.68828125 0.0265625 0.0125 
2 0.04375 0.85546875 0.0328125 0.04453125 
2 0.67109375 0.828125 0.01875 0.03046875 
7 0.37890625 0.68515625 0.0234375 0.015625 
2 0.70078125 0.83203125 0.05 0.046875 
2 0.34765625 0.865625 0.04921875 0.08359375 
2 0.12265625 0.87109375 0.10859375 0.13046875 
2 0.44296875 0.86953125 0.0515625 0.08671875 
2 0.29375 0.87421875 0.08828125 0.10390625 
2 0.20859375 0.91875 0.25234375 0.15859375 
2 0.39765625 0.8984375 0.09453125 0.12109375 
2 0.51640625 0.90625 0.0984375 0.13984375 
2 0.65234375 0.875 0.07109375 0.08671875 
7 0.47578125 0.74609375 0.01484375 0.00703125 
