2 0.21953125 0.84140625 0.02109375 0.0359375 
2 0.890625 0.90859375 0.06015625 0.1109375 
2 0.13984375 0.82578125 0.03125 0.03203125 
2 0.18671875 0.83828125 0.02890625 0.03984375 
2 0.33125 0.846875 0.0296875 0.03515625 
2 0.20078125 0.83359375 0.02109375 0.0296875 
2 0.73046875 0.8265625 0.03359375 0.04296875 
2 0.7046875 0.91953125 0.05078125 0.1546875 
2 0.6703125 0.90546875 0.0921875 0.1640625 
2 0.31484375 0.87109375 0.05625 0.0640625 
2 0.3671875 0.85859375 0.04296875 0.05625 
2 0.38671875 0.890625 0.07890625 0.09921875 
2 0.93125 0.90078125 0.1375 0.19375 
2 0.24765625 0.88125 0.08203125 0.09453125 
2 0.525 0.9125 0.275 0.175 
2 0.0921875 0.93125 0.18359375 0.13671875 
2 0.78359375 0.92109375 0.13984375 0.15546875 
11 0.77109375 0.66328125 0.03046875 0.015625 
11 0.68984375 0.6671875 0.028125 0.01328125 
