2 0.09296875 0.82109375 0.021875 0.03203125 
2 0.1328125 0.8234375 0.0296875 0.03515625 
2 0.31875 0.84921875 0.02578125 0.03828125 
2 0.203125 0.83203125 0.03046875 0.03203125 
2 0.00703125 0.8953125 0.0140625 0.14453125 
7 0.68984375 0.6671875 0.0296875 0.01640625 
2 0.28828125 0.87265625 0.059375 0.0859375 
7 0.76953125 0.66171875 0.028125 0.0171875 
2 0.3421875 0.85625 0.034375 0.04609375 
2 0.925 0.896875 0.15 0.1984375 
2 0.6671875 0.89921875 0.09296875 0.15703125 
2 0.18125 0.92578125 0.27265625 0.1484375 
2 0.78125 0.91953125 0.17890625 0.15703125 
2 0.52890625 0.91171875 0.2546875 0.17578125 
