2 0.73671875 0.8484375 0.04921875 0.04921875 
2 0.4546875 0.86796875 0.12578125 0.0609375 
2 0.56484375 0.85859375 0.03125 0.040625 
7 0.6078125 0.71484375 0.015625 0.01484375 
2 0.58125 0.853125 0.02109375 0.03359375 
2 0.4546875 0.859375 0.04765625 0.05 
2 0.3609375 0.8546875 0.03984375 0.03125 
2 0.60546875 0.87578125 0.03125 0.06640625 
2 0.63203125 0.8828125 0.0421875 0.09375 
2 0.93046875 0.9 0.1390625 0.2 
2 0.45234375 0.93046875 0.35078125 0.1390625 
2 0.6765625 0.896875 0.08828125 0.1234375 
2 0.7953125 0.915625 0.21328125 0.16796875 
7 0.68359375 0.7109375 0.02421875 0.01328125 
