2 0.0453125 0.9203125 0.0890625 0.159375 
2 0.409375 0.85546875 0.01640625 0.0265625 
2 0.2890625 0.86015625 0.01953125 0.028125 
2 0.23125 0.8625 0.02421875 0.03203125 
2 0.16640625 0.8640625 0.04140625 0.046875 
2 0.2703125 0.8640625 0.0265625 0.03515625 
11 0.13125 0.29453125 0.09296875 0.03671875 
2 0.61796875 0.85546875 0.021875 0.03515625 
2 0.39609375 0.85546875 0.021875 0.025 
2 0.3171875 0.8609375 0.01953125 0.02890625 
11 0.38359375 0.2859375 0.0953125 0.0515625 
2 0.5765625 0.85859375 0.02578125 0.040625 
2 0.44140625 0.89765625 0.06484375 0.09140625 
2 0.6484375 0.87578125 0.04765625 0.0640625 
2 0.3515625 0.88984375 0.0875 0.0890625 
2 0.7578125 0.9265625 0.14453125 0.146875 
2 0.5140625 0.92265625 0.12421875 0.15078125 
16 0.33515625 0.740625 0.01015625 0.040625 
