2 0.62421875 0.8515625 0.01328125 0.02578125 
2 0.93359375 0.83203125 0.021875 0.0359375 
2 0.58046875 0.85546875 0.015625 0.0296875 
2 0.40390625 0.865625 0.02734375 0.03125 
2 0.325 0.871875 0.03671875 0.053125 
2 0.603125 0.87421875 0.0453125 0.059375 
2 0.85859375 0.86171875 0.071875 0.07109375 
2 0.47734375 0.92421875 0.28359375 0.1515625 
2 0.75390625 0.87578125 0.08984375 0.1296875 
2 0.95390625 0.87421875 0.0921875 0.153125 
2 0.67109375 0.90703125 0.1046875 0.14375 
6 0.68125 0.725 0.01796875 0.009375 
6 0.63984375 0.72890625 0.01953125 0.01171875 
