2 0.43125 0.85859375 0.025 0.03125 
2 0.38828125 0.86640625 0.03125 0.04140625 
2 0.4515625 0.85390625 0.01640625 0.025 
2 0.4859375 0.85 0.01328125 0.0203125 
2 0.46640625 0.8515625 0.015625 0.025 
6 0.54140625 0.72265625 0.0171875 0.0125 
2 0.57734375 0.85546875 0.025 0.04296875 
2 0.1578125 0.8875 0.0328125 0.05625 
2 0.325 0.86796875 0.0421875 0.05 
2 0.18046875 0.8921875 0.05546875 0.06796875 
2 0.6140625 0.86796875 0.06015625 0.0859375 
2 0.2421875 0.8875 0.0703125 0.0859375 
2 0.53203125 0.871875 0.05234375 0.0859375 
2 0.73671875 0.86640625 0.08515625 0.10625 
6 0.596875 0.71796875 0.01640625 0.01171875 
