2 0.403125 0.85859375 0.01484375 0.03359375 
2 0.54765625 0.84296875 0.009375 0.02109375 
2 0.52890625 0.840625 0.009375 0.02109375 
2 0.56328125 0.846875 0.0234375 0.03515625 
2 0.60234375 0.84609375 0.02265625 0.03359375 
2 0.334375 0.86328125 0.01640625 0.03203125 
2 0.234375 0.87109375 0.04609375 0.05390625 
2 0.3046875 0.87109375 0.05078125 0.06484375 
2 0.10625 0.884375 0.0921875 0.0953125 
6 0.53671875 0.75234375 0.0125 0.00859375 
6 0.5796875 0.75 0.01171875 0.00859375 
16 0.50390625 0.7890625 0.00625 0.0203125 
