2 0.7171875 0.84453125 0.0125 0.01875 
2 0.13828125 0.84375 0.028125 0.04140625 
2 0.60234375 0.8765625 0.04609375 0.0609375 
2 0.63125 0.85859375 0.02890625 0.05546875 
2 0.17421875 0.84296875 0.028125 0.03359375 
2 0.146875 0.8390625 0.03046875 0.04140625 
2 0.675 0.91640625 0.1015625 0.13125 
2 0.68515625 0.840625 0.025 0.0265625 
2 0.0671875 0.9125 0.134375 0.175 
2 0.73671875 0.86328125 0.0375 0.05 
2 0.915625 0.9015625 0.16875 0.19609375 
2 0.80078125 0.9015625 0.125 0.14375 
2 0.5140625 0.9296875 0.21796875 0.140625 
11 0.80078125 0.65234375 0.03359375 0.01640625 
11 0.709375 0.6578125 0.03125 0.015625 
