2 0.6703125 0.85859375 0.01328125 0.03515625 
2 0.42734375 0.8640625 0.02421875 0.03125 
5 0.96875 0.86328125 0.0625 0.11015625 
2 0.96875 0.865625 0.0625 0.10546875 
2 0.75234375 0.86328125 0.05 0.0515625 
2 0.4015625 0.865625 0.03125 0.03203125 
2 0.6125 0.859375 0.025 0.03359375 
2 0.62890625 0.85234375 0.01484375 0.03046875 
2 0.04765625 0.903125 0.09375 0.09296875 
2 0.33515625 0.87265625 0.02578125 0.03046875 
2 0.68828125 0.85 0.03125 0.04296875 
2 0.58515625 0.86484375 0.03203125 0.05546875 
2 0.70234375 0.8828125 0.05625 0.06953125 
2 0.64765625 0.8609375 0.03671875 0.05078125 
2 0.47734375 0.92421875 0.2890625 0.15078125 
2 0.81484375 0.91953125 0.2171875 0.16015625 
6 0.6828125 0.72578125 0.0203125 0.01328125 
6 0.63984375 0.73046875 0.01953125 0.01171875 
