2 0.53828125 0.84140625 0.01015625 0.02421875 
2 0.43046875 0.8546875 0.00859375 0.021875 
2 0.6125 0.8390625 0.01640625 0.03828125 
2 0.1375 0.9125 0.0375 0.07109375 
2 0.48046875 0.84921875 0.015625 0.03046875 
2 0.4171875 0.85859375 0.02421875 0.03515625 
2 0.59375 0.846875 0.02109375 0.0484375 
2 0.4 0.86171875 0.01640625 0.02890625 
2 0.31328125 0.8859375 0.03671875 0.053125 
2 0.50078125 0.86171875 0.03671875 0.06015625 
2 0.2859375 0.90703125 0.0453125 0.0859375 
2 0.7375 0.865625 0.08515625 0.1234375 
2 0.565625 0.87578125 0.0625 0.10078125 
2 0.07109375 0.92578125 0.1421875 0.1484375 
2 0.20859375 0.92109375 0.128125 0.15078125 
