2 0.446875 0.85859375 0.02890625 0.05390625 
2 0.72734375 0.825 0.03671875 0.04296875 
2 0.20625 0.8296875 0.02421875 0.0296875 
2 0.2984375 0.846875 0.03359375 0.04140625 
2 0.21328125 0.88359375 0.03984375 0.0953125 
2 0.66640625 0.90234375 0.09453125 0.1640625 
2 0.32265625 0.86640625 0.04609375 0.0703125 
2 0.41640625 0.8515625 0.040625 0.05 
2 0.92109375 0.89765625 0.15703125 0.19921875 
2 0.35546875 0.903125 0.09765625 0.121875 
2 0.7609375 0.91953125 0.16328125 0.15859375 
2 0.52734375 0.91171875 0.25546875 0.17578125 
11 0.7703125 0.6625 0.0296875 0.015625 
11 0.690625 0.6671875 0.02890625 0.01328125 
