2 0.18203125 0.834375 0.03515625 0.0390625 
2 0.80625 0.82578125 0.034375 0.05 
2 0.08125 0.81875 0.02265625 0.034375 
2 0.196875 0.83125 0.02265625 0.03203125 
2 0.63828125 0.853125 0.02109375 0.05390625 
2 0.1359375 0.82265625 0.02890625 0.03046875 
2 0.928125 0.896875 0.14375 0.2 
2 0.01015625 0.90546875 0.0203125 0.18046875 
2 0.67578125 0.90703125 0.09609375 0.16796875 
2 0.2203125 0.8859375 0.08671875 0.0890625 
2 0.30625 0.86875 0.06484375 0.078125 
2 0.52109375 0.91171875 0.30234375 0.17578125 
2 0.7953125 0.91953125 0.1390625 0.15390625 
11 0.771875 0.659375 0.03046875 0.015625 
11 0.690625 0.6640625 0.028125 0.0140625 
