2 0.0921875 0.86171875 0.0265625 0.04609375 
5 0.0234375 0.84375 0.04609375 0.08671875 
2 0.00703125 0.875 0.01328125 0.03125 
3 0.02109375 0.84375 0.0421875 0.084375 
2 0.5890625 0.83203125 0.02421875 0.028125 
2 0.03828125 0.86484375 0.02578125 0.04453125 
2 0.38203125 0.8515625 0.03828125 0.04375 
7 0.39765625 0.70859375 0.021875 0.01328125 
2 0.46328125 0.865625 0.0296875 0.06640625 
2 0.234375 0.86171875 0.0640625 0.08359375 
2 0.48828125 0.846875 0.03515625 0.040625 
2 0.284375 0.88671875 0.0734375 0.09453125 
2 0.51875 0.88125 0.065625 0.1 
2 0.43515625 0.88125 0.0609375 0.08359375 
2 0.6375 0.8734375 0.06171875 0.08046875 
2 0.1578125 0.91484375 0.16875 0.15546875 
2 0.35390625 0.90859375 0.11484375 0.13515625 
7 0.4375 0.7578125 0.0140625 0.00859375 
7 0.47578125 0.75625 0.01640625 0.0078125 
