2 0.80078125 0.83671875 0.015625 0.021875 
2 0.91640625 0.8203125 0.040625 0.04453125 
2 0.8296875 0.834375 0.01796875 0.02421875 
2 0.65 0.87578125 0.02109375 0.0484375 
2 0.484375 0.896875 0.02265625 0.0453125 
2 0.6 0.88203125 0.021875 0.0453125 
2 0.42265625 0.903125 0.06875 0.06875 
2 0.99140625 0.81953125 0.0171875 0.0359375 
2 0.38125 0.90859375 0.0328125 0.0515625 
2 0.62421875 0.88125 0.046875 0.05859375 
2 0.50625 0.89609375 0.05234375 0.05546875 
2 0.1859375 0.9453125 0.20078125 0.109375 
2 0.56640625 0.88515625 0.04921875 0.06328125 
