2 0.121875 0.87109375 0.01953125 0.0265625 
2 0.41796875 0.8375 0.01171875 0.0234375 
2 0.29140625 0.85390625 0.01328125 0.01640625 
2 0.009375 0.9203125 0.01796875 0.10703125 
2 0.99140625 0.91171875 0.0171875 0.17109375 
2 0.31015625 0.85234375 0.0140625 0.0234375 
2 0.43671875 0.8375 0.01171875 0.0234375 
2 0.3875 0.8421875 0.01328125 0.03046875 
2 0.4984375 0.84609375 0.0234375 0.046875 
2 0.32578125 0.85 0.02734375 0.03125 
2 0.66171875 0.86796875 0.090625 0.1265625 
2 0.24375 0.86953125 0.0328125 0.04453125 
2 0.22109375 0.88984375 0.03203125 0.078125 
2 0.40546875 0.859375 0.0375 0.06015625 
2 0.16953125 0.89765625 0.09296875 0.12109375 
2 0.465625 0.878125 0.06796875 0.10703125 
2 0.065625 0.92109375 0.13046875 0.15390625 
