2 0.76796875 0.859375 0.025 0.06015625 
2 0.2203125 0.87265625 0.03828125 0.053125 
2 0.4375 0.853125 0.02109375 0.02578125 
2 0.721875 0.85625 0.02890625 0.03828125 
2 0.2484375 0.8703125 0.03671875 0.05546875 
2 0.33671875 0.8609375 0.03203125 0.03984375 
2 0.396875 0.86015625 0.02265625 0.03515625 
2 0.5609375 0.84921875 0.0203125 0.03359375 
2 0.78125 0.85859375 0.04765625 0.06875 
2 0.64375 0.853125 0.03203125 0.05703125 
2 0.60703125 0.8609375 0.05546875 0.08125 
2 0.17734375 0.86953125 0.04453125 0.07421875 
2 0.5265625 0.878125 0.0625 0.10390625 
2 0.828125 0.8640625 0.07421875 0.08359375 
