3 0.07265625 0.8484375 0.1453125 0.284375 
2 0.184375 0.84296875 0.01640625 0.02578125 
2 0.59296875 0.86875 0.03828125 0.065625 
2 0.1453125 0.84921875 0.02734375 0.04609375 
2 0.1265625 0.88984375 0.06015625 0.11640625 
2 0.97734375 0.93671875 0.0453125 0.12578125 
2 0.16953125 0.84140625 0.02734375 0.03046875 
2 0.9515625 0.8703125 0.03671875 0.09296875 
2 0.8640625 0.909375 0.18828125 0.18125 
2 0.65859375 0.909375 0.0828125 0.121875 
2 0.3265625 0.88046875 0.0484375 0.071875 
2 0.52265625 0.9203125 0.14765625 0.159375 
2 0.25390625 0.91640625 0.103125 0.125 
11 0.80546875 0.6453125 0.03515625 0.0171875 
11 0.71328125 0.65234375 0.03671875 0.0171875 
