2 0.99609375 0.86796875 0.0078125 0.06015625 
2 0.61875 0.86640625 0.02734375 0.05859375 
2 0.634375 0.8859375 0.03359375 0.0796875 
2 0.72734375 0.92109375 0.1125 0.14921875 
2 0.76328125 0.84453125 0.034375 0.025 
2 0.66328125 0.90234375 0.0515625 0.11015625 
2 0.33984375 0.88984375 0.04609375 0.06484375 
2 0.24765625 0.93359375 0.234375 0.13203125 
2 0.90625 0.90234375 0.178125 0.19140625 
2 0.43125 0.865625 0.01796875 0.03359375 
2 0.44609375 0.88046875 0.04375 0.05546875 
2 0.40078125 0.8734375 0.0328125 0.04609375 
2 0.5484375 0.92421875 0.1703125 0.1484375 
7 0.74921875 0.71484375 0.021875 0.0125 
7 0.6875 0.7171875 0.021875 0.009375 
