2 0.60546875 0.88203125 0.01953125 0.0765625 
2 0.80390625 0.834375 0.025 0.02890625 
2 0.9046875 0.82109375 0.01875 0.03046875 
2 0.02265625 0.8734375 0.0453125 0.053125 
2 0.58046875 0.8578125 0.03203125 0.04375 
2 0.7359375 0.815625 0.0203125 0.021875 
2 0.76484375 0.8359375 0.02109375 0.028125 
2 0.40703125 0.86015625 0.0421875 0.04453125 
2 0.33984375 0.85859375 0.02734375 0.03671875 
2 0.66953125 0.84609375 0.11328125 0.2140625 
2 0.93359375 0.846875 0.0671875 0.08984375 
2 0.7515625 0.86953125 0.05703125 0.09921875 
2 0.9796875 0.80546875 0.040625 0.04453125 
2 0.8578125 0.89296875 0.14921875 0.1515625 
2 0.49375 0.9140625 0.22109375 0.16484375 
7 0.6765625 0.72109375 0.01875 0.009375 
7 0.63515625 0.72421875 0.01796875 0.0109375 
