2 0.98828125 0.846875 0.0234375 0.103125 
2 0.5734375 0.85078125 0.03203125 0.03515625 
11 0.7890625 0.65703125 0.03359375 0.01953125 
11 0.70078125 0.6640625 0.03203125 0.01640625 
2 0.7390625 0.8421875 0.01953125 0.025 
2 0.63984375 0.85703125 0.034375 0.05625 
2 0.69375 0.921875 0.11640625 0.1484375 
2 0.6078125 0.878125 0.05 0.06953125 
2 0.75 0.86640625 0.0390625 0.05703125 
2 0.1390625 0.91015625 0.265625 0.1796875 
2 0.84765625 0.90703125 0.15390625 0.1703125 
2 0.5203125 0.928125 0.215625 0.14375 
