2 0.50703125 0.85546875 0.03046875 0.04921875 
2 0.36953125 0.85390625 0.02578125 0.02890625 
2 0.66640625 0.86328125 0.02421875 0.0640625 
2 0.834375 0.8375 0.04609375 0.0359375 
2 0.5796875 0.8625 0.03203125 0.05859375 
2 0.00546875 0.846875 0.01015625 0.05546875 
2 0.7890625 0.84140625 0.03046875 0.034375 
11 0.89453125 0.42265625 0.065625 0.03828125 
2 0.6234375 0.89609375 0.0734375 0.121875 
2 0.01640625 0.84609375 0.03203125 0.05078125 
2 0.04140625 0.84296875 0.04296875 0.04453125 
2 0.68359375 0.87109375 0.053125 0.07890625 
2 0.81640625 0.91796875 0.1375 0.14453125 
11 0.775 0.76640625 0.01328125 0.0078125 
11 0.73828125 0.76796875 0.0125 0.00703125 
