2 0.2546875 0.94140625 0.04609375 0.10390625 
0 0.575 0.8734375 0.01640625 0.065625 
2 0.59765625 0.85078125 0.0109375 0.025 
2 0.690625 0.8375 0.015625 0.02890625 
4 0.4515625 0.884375 0.0171875 0.04296875 
4 0.2546875 0.940625 0.04609375 0.10859375 
2 0.73125 0.8390625 0.0140625 0.03046875 
4 0.784375 0.84921875 0.0109375 0.04296875 
0 0.784375 0.846875 0.01015625 0.046875 
2 0.446875 0.87734375 0.02890625 0.046875 
2 0.67734375 0.83828125 0.01015625 0.02421875 
4 0.0234375 0.94140625 0.046875 0.109375 
4 0.57578125 0.88359375 0.015625 0.053125 
2 0.70546875 0.840625 0.01796875 0.0296875 
2 0.4203125 0.865625 0.02890625 0.03125 
2 0.74765625 0.8390625 0.02578125 0.03671875 
2 0.85546875 0.8421875 0.0421875 0.05859375 
2 0.61328125 0.85703125 0.02890625 0.04453125 
2 0.54609375 0.86640625 0.03125 0.03984375 
2 0.653125 0.86875 0.0546875 0.08828125 
2 0.90625 0.87578125 0.10859375 0.13203125 
