0 0.265625 0.8390625 0.00703125 0.059375 
2 0.4640625 0.8484375 0.0140625 0.02109375 
2 0.484375 0.846875 0.02265625 0.02109375 
2 0.83671875 0.81875 0.03125 0.034375 
2 0.6234375 0.8390625 0.05859375 0.11875 
5 0.62265625 0.8390625 0.05625 0.1203125 
2 0.89765625 0.80546875 0.028125 0.0296875 
2 0.78359375 0.81796875 0.025 0.01796875 
2 0.74609375 0.84453125 0.02734375 0.0484375 
2 0.725 0.8421875 0.02734375 0.04375 
2 0.69375 0.84453125 0.0171875 0.03828125 
2 0.5859375 0.85 0.01953125 0.040625 
2 0.165625 0.8625 0.04453125 0.0359375 
2 0.86328125 0.846875 0.065625 0.06875 
2 0.5390625 0.86796875 0.0484375 0.075 
2 0.67421875 0.85546875 0.04453125 0.05703125 
2 0.790625 0.89375 0.11015625 0.14140625 
