2 0.57734375 0.85625 0.01484375 0.03046875 
2 0.45234375 0.865625 0.02578125 0.03203125 
2 0.81328125 0.865625 0.0421875 0.04375 
2 0.58828125 0.865625 0.025 0.04375 
2 0.29921875 0.87890625 0.034375 0.04296875 
2 0.990625 0.81171875 0.01640625 0.0390625 
2 0.40546875 0.8640625 0.02890625 0.0296875 
2 0.64609375 0.85859375 0.03046875 0.0484375 
2 0.9625 0.81640625 0.0375 0.03671875 
2 0.7921875 0.8546875 0.04296875 0.05 
2 0.94921875 0.865625 0.08125 0.090625 
2 0.61796875 0.8875 0.06171875 0.08203125 
2 0.48046875 0.92421875 0.28984375 0.1515625 
2 0.865625 0.90390625 0.13125 0.153125 
2 0.72578125 0.92109375 0.16484375 0.15546875 
6 0.68203125 0.725 0.01953125 0.01015625 
6 0.6390625 0.72890625 0.0203125 0.01015625 
