2 0.23046875 0.8390625 0.01796875 0.02890625 
2 0.14453125 0.821875 0.02890625 0.028125 
2 0.2546875 0.84140625 0.03515625 0.0296875 
2 0.275 0.84453125 0.01953125 0.02890625 
2 0.00703125 0.89453125 0.0140625 0.1390625 
2 0.7296875 0.8265625 0.03203125 0.03828125 
7 0.690625 0.6671875 0.0296875 0.015625 
2 0.66640625 0.9 0.09375 0.159375 
7 0.77109375 0.66328125 0.028125 0.01640625 
2 0.20546875 0.83046875 0.0265625 0.0296875 
2 0.328125 0.85703125 0.0328125 0.0453125 
2 0.921875 0.89765625 0.15625 0.19921875 
2 0.41640625 0.85390625 0.03984375 0.04921875 
2 0.1953125 0.88984375 0.09296875 0.0984375 
2 0.35234375 0.8640625 0.06015625 0.05859375 
2 0.7640625 0.91953125 0.16796875 0.15859375 
2 0.52890625 0.91171875 0.25390625 0.17578125 
