2 0.43671875 0.92421875 0.06015625 0.134375 
2 0.48359375 0.88203125 0.03984375 0.065625 
2 0.67421875 0.86953125 0.025 0.065625 
2 0.0546875 0.828125 0.02109375 0.03828125 
2 0.14609375 0.8421875 0.02578125 0.034375 
2 0.57578125 0.88046875 0.02109375 0.059375 
2 0.5421875 0.9265625 0.08046875 0.13984375 
2 0.1953125 0.84609375 0.02421875 0.0296875 
2 0.60546875 0.8765625 0.03046875 0.08203125 
2 0.54140625 0.871875 0.07890625 0.0953125 
2 0.84140625 0.87421875 0.0765625 0.1140625 
2 0.909375 0.9109375 0.17890625 0.17421875 
2 0.63984375 0.8875 0.071875 0.11171875 
2 0.27734375 0.89765625 0.12421875 0.15859375 
2 0.76015625 0.9125 0.19453125 0.16796875 
7 0.67734375 0.75078125 0.01484375 0.009375 
