2 0.61484375 0.84609375 0.015625 0.01953125 
3 0.4078125 0.85703125 0.1046875 0.22109375 
2 0.5796875 0.85078125 0.0140625 0.021875 
2 0.15078125 0.88046875 0.03515625 0.04375 
2 0.27265625 0.8671875 0.03046875 0.04140625 
2 0.05625 0.884375 0.0453125 0.06640625 
2 0.22734375 0.86796875 0.02890625 0.0359375 
2 0.16953125 0.87421875 0.03828125 0.05 
2 0.6515625 0.8609375 0.02421875 0.040625 
2 0.6265625 0.8734375 0.05078125 0.065625 
2 0.09296875 0.88046875 0.06640625 0.07421875 
2 0.53046875 0.9234375 0.16953125 0.14453125 
2 0.89921875 0.9015625 0.1546875 0.15078125 
