2 0.70625 0.83359375 0.01484375 0.0203125 
11 0.72109375 0.6359375 0.03515625 0.01796875 
2 0.72890625 0.8421875 0.021875 0.0359375 
2 0.7328125 0.8765625 0.03828125 0.1 
2 0.8015625 0.8328125 0.01171875 0.01953125 
2 0.1328125 0.83359375 0.0328125 0.04453125 
2 0.66484375 0.83125 0.01953125 0.021875 
2 0.5734375 0.846875 0.02578125 0.04296875 
2 0.1734375 0.83671875 0.02734375 0.03359375 
2 0.6265625 0.84296875 0.02578125 0.05078125 
2 0.59765625 0.86328125 0.04140625 0.05625 
2 0.68828125 0.83203125 0.021875 0.0359375 
2 0.65859375 0.896875 0.0921875 0.1140625 
2 0.88359375 0.90234375 0.23203125 0.1953125 
2 0.76953125 0.88359375 0.0921875 0.11875 
2 0.4625 0.9265625 0.246875 0.146875 
11 0.81875 0.628125 0.034375 0.01796875 
