2 0.30625 0.74375 0.025 0.0265625 
11 0.69609375 0.66640625 0.028125 0.01640625 
2 0.684375 0.8390625 0.025 0.0296875 
2 0.6125 0.87734375 0.05390625 0.075 
2 0.9828125 0.83828125 0.034375 0.1203125 
2 0.009375 0.884375 0.01796875 0.20546875 
2 0.64296875 0.85703125 0.03125 0.06015625 
2 0.70703125 0.92265625 0.134375 0.153125 
2 0.7578125 0.86640625 0.0453125 0.0609375 
2 0.203125 0.9109375 0.24453125 0.178125 
2 0.88671875 0.90859375 0.1796875 0.1796875 
2 0.52109375 0.92734375 0.215625 0.1453125 
11 0.78203125 0.65859375 0.03046875 0.015625 
