2 0.18515625 0.834375 0.02890625 0.0359375 
2 0.78671875 0.8203125 0.04375 0.06328125 
7 0.68984375 0.66640625 0.0296875 0.015625 
2 0.1453125 0.82265625 0.03046875 0.02890625 
2 0.728125 0.8234375 0.03671875 0.04375 
7 0.77109375 0.66171875 0.028125 0.015625 
2 0.2046875 0.83046875 0.0265625 0.03125 
2 0.66640625 0.90078125 0.0921875 0.1609375 
2 0.3234375 0.85859375 0.025 0.046875 
2 0.0390625 0.915625 0.07734375 0.14453125 
2 0.92109375 0.89765625 0.1578125 0.19921875 
2 0.296875 0.8734375 0.071875 0.0734375 
2 0.39453125 0.8578125 0.03984375 0.0546875 
2 0.76015625 0.9203125 0.16484375 0.159375 
2 0.52890625 0.91171875 0.253125 0.1765625 
