2 0.30859375 0.83671875 0.03046875 0.040625 
2 0.19296875 0.84140625 0.02890625 0.04375 
7 0.68203125 0.665625 0.01875 0.015625 
7 0.765625 0.6609375 0.0265625 0.015625 
2 0.21015625 0.8296875 0.03203125 0.0390625 
2 0.2671875 0.82578125 0.03203125 0.03359375 
2 0.41875 0.83125 0.04609375 0.03203125 
2 0.0171875 0.88984375 0.034375 0.1265625 
2 0.66171875 0.88984375 0.08203125 0.14453125 
2 0.32890625 0.853125 0.040625 0.046875 
2 0.75703125 0.91640625 0.153125 0.1640625 
2 0.5296875 0.91015625 0.22421875 0.1796875 
