0 0.4703125 0.8703125 0.01328125 0.06640625 
2 0.56796875 0.85078125 0.02109375 0.05 
2 0.8125 0.840625 0.01875 0.03046875 
0 0.36328125 0.8859375 0.01796875 0.05625 
2 0.61953125 0.840625 0.01171875 0.0265625 
2 0.58125 0.846875 0.01484375 0.03359375 
2 0.5046875 0.8515625 0.0109375 0.0234375 
0 0.6609375 0.85625 0.01328125 0.05 
4 0.36328125 0.8890625 0.0171875 0.0515625 
2 0.34296875 0.8625 0.02734375 0.03046875 
4 0.4703125 0.87578125 0.01328125 0.05625 
2 0.78984375 0.83984375 0.02890625 0.04296875 
4 0.26328125 0.89609375 0.02109375 0.05546875 
2 0.6953125 0.83125 0.02578125 0.02578125 
4 0.6609375 0.8609375 0.01171875 0.040625 
2 0.60625 0.84296875 0.01640625 0.0296875 
2 0.6453125 0.84375 0.02109375 0.03046875 
2 0.4875 0.85703125 0.021875 0.0296875 
2 0.41171875 0.86484375 0.0296875 0.03671875 
2 0.5171875 0.8578125 0.02109375 0.034375 
2 0.54921875 0.8640625 0.046875 0.06875 
2 0.75078125 0.88359375 0.09140625 0.11484375 
