2 0.684375 0.8359375 0.0234375 0.04296875 
2 0.55 0.84296875 0.01484375 0.0265625 
2 0.65546875 0.83359375 0.0140625 0.03046875 
2 0.4 0.8640625 0.01171875 0.0203125 
2 0.53359375 0.85 0.01171875 0.028125 
2 0.49609375 0.85 0.01328125 0.0296875 
2 0.5765625 0.84296875 0.0125 0.02578125 
2 0.41796875 0.86171875 0.01875 0.02890625 
2 0.67109375 0.84609375 0.040625 0.05859375 
2 0.51640625 0.859375 0.0359375 0.0546875 
2 0.33515625 0.884375 0.02578125 0.05 
2 0.440625 0.8625 0.02265625 0.03203125 
2 0.7328125 0.86171875 0.07265625 0.115625 
2 0.36796875 0.88046875 0.05390625 0.078125 
2 0.60234375 0.8625 0.053125 0.084375 
