2 0.80390625 0.88828125 0.0375 0.090625 
2 0.9828125 0.8125 0.028125 0.03984375 
2 0.671875 0.8078125 0.01484375 0.025 
2 0.7125 0.83125 0.01484375 0.0359375 
2 0.17890625 0.84453125 0.02734375 0.028125 
6 0.6390625 0.66328125 0.02109375 0.01640625 
2 0.696875 0.821875 0.0171875 0.02890625 
2 0.77265625 0.83046875 0.028125 0.040625 
6 0.7421875 0.65390625 0.02109375 0.01953125 
2 0.83671875 0.89296875 0.096875 0.10703125 
2 0.7265625 0.85078125 0.0359375 0.06171875 
16 0.928125 0.74453125 0.01328125 0.05859375 
