2 0.76328125 0.82109375 0.0296875 0.02890625 
2 0.66953125 0.87421875 0.02109375 0.09296875 
2 0.4 0.84453125 0.02109375 0.0296875 
2 0.8625 0.86875 0.06015625 0.09609375 
2 0.65546875 0.86171875 0.03671875 0.0796875 
2 0.26953125 0.8875 0.06015625 0.06953125 
2 0.5890625 0.8875 0.0765625 0.11171875 
2 0.696875 0.88203125 0.06015625 0.13359375 
2 0.45390625 0.86796875 0.03671875 0.05 
2 0.909375 0.909375 0.18125 0.18046875 
2 0.7703125 0.9140625 0.14453125 0.16640625 
7 0.77109375 0.70390625 0.02109375 0.01015625 
7 0.71171875 0.70703125 0.02109375 0.0109375 
