2 0.471875 0.61171875 0.01640625 0.028125 
5 0.98203125 0.82109375 0.034375 0.10078125 
2 0.9921875 0.85625 0.015625 0.03984375 
11 0.8609375 0.665625 0.02890625 0.01640625 
2 0.99296875 0.90546875 0.0125 0.14453125 
2 0.95078125 0.84140625 0.028125 0.0234375 
11 0.9265625 0.66171875 0.03046875 0.01875 
2 0.6625 0.86796875 0.028125 0.028125 
2 0.628125 0.87578125 0.04140625 0.05 
2 0.8578125 0.8984375 0.22421875 0.1953125 
2 0.7515625 0.90390625 0.11953125 0.1890625 
2 0.96953125 0.91796875 0.0578125 0.1546875 
2 0.553125 0.8984375 0.09609375 0.13984375 
2 0.0234375 0.859375 0.046875 0.075 
2 0.203125 0.8796875 0.12109375 0.10703125 
2 0.4453125 0.91171875 0.15078125 0.17578125 
