2 0.52578125 0.86171875 0.06328125 0.0390625 
2 0.4578125 0.8703125 0.0140625 0.028125 
2 0.58046875 0.86015625 0.01484375 0.021875 
2 0.340625 0.88046875 0.02109375 0.03125 
2 0.43359375 0.871875 0.028125 0.03046875 
2 0.29140625 0.8875 0.0453125 0.06171875 
2 0.684375 0.85390625 0.03984375 0.0453125 
2 0.31875 0.88046875 0.01953125 0.0359375 
2 0.221875 0.884375 0.03203125 0.03515625 
2 0.5625 0.86328125 0.0171875 0.0296875 
2 0.98671875 0.82578125 0.025 0.0453125 
2 0.2578125 0.88984375 0.05390625 0.0609375 
2 0.39609375 0.8734375 0.02578125 0.0359375 
2 0.60546875 0.8640625 0.0234375 0.03125 
2 0.75078125 0.85703125 0.0375 0.03359375 
2 0.51328125 0.934375 0.16484375 0.13125 
11 0.703125 0.71796875 0.021875 0.01015625 
11 0.6546875 0.721875 0.021875 0.009375 
