2 0.6984375 0.86796875 0.0140625 0.0453125 
4 0.6984375 0.86875 0.01328125 0.0453125 
2 0.57265625 0.8609375 0.01953125 0.03828125 
2 0.54765625 0.9015625 0.08046875 0.1109375 
2 0.50546875 0.8625 0.021875 0.04375 
2 0.6078125 0.859375 0.01796875 0.03203125 
4 0.67265625 0.91796875 0.03515625 0.1 
2 0.45703125 0.86875 0.01953125 0.0359375 
2 0.63828125 0.8578125 0.028125 0.034375 
2 0.425 0.86875 0.0234375 0.03046875 
2 0.83828125 0.8578125 0.053125 0.06796875 
2 0.9375 0.90546875 0.121875 0.18515625 
2 0.39375 0.8765625 0.03125 0.04453125 
2 0.28984375 0.89296875 0.04296875 0.05546875 
2 0.359375 0.8875 0.04453125 0.053125 
2 0.215625 0.93046875 0.13671875 0.13515625 
