2 0.3421875 0.853125 0.02421875 0.02421875 
2 0.48203125 0.88359375 0.0390625 0.06328125 
2 0.0546875 0.828125 0.02109375 0.03828125 
2 0.146875 0.84296875 0.0234375 0.03203125 
2 0.571875 0.859375 0.0234375 0.0546875 
2 0.5421875 0.92421875 0.0828125 0.1453125 
2 0.4359375 0.9234375 0.05859375 0.13515625 
2 0.1953125 0.846875 0.02265625 0.02578125 
2 0.5984375 0.87109375 0.03359375 0.071875 
2 0.5390625 0.86953125 0.078125 0.09296875 
2 0.84375 0.86796875 0.084375 0.103125 
2 0.90703125 0.9109375 0.184375 0.17421875 
2 0.63671875 0.8875 0.078125 0.103125 
2 0.753125 0.91484375 0.1875 0.16328125 
11 0.709375 0.74765625 0.015625 0.009375 
