2 0.3640625 0.87109375 0.0234375 0.03046875 
2 0.525 0.86953125 0.13671875 0.09453125 
2 0.42890625 0.8640625 0.02734375 0.03203125 
2 0.6375 0.85859375 0.021875 0.04296875 
2 0.69453125 0.83984375 0.015625 0.03125 
3 0.0703125 0.85 0.13984375 0.1484375 
2 0.77578125 0.84453125 0.03828125 0.05546875 
2 0.58359375 0.85546875 0.021875 0.0296875 
2 0.8578125 0.8859375 0.284375 0.228125 
2 0.6109375 0.88046875 0.0578125 0.07890625 
2 0.4046875 0.865625 0.02578125 0.03203125 
2 0.24140625 0.87578125 0.03671875 0.06328125 
2 0.721875 0.859375 0.03984375 0.05625 
2 0.478125 0.928125 0.290625 0.14375 
2 0.67578125 0.86484375 0.05625 0.08359375 
6 0.68203125 0.72578125 0.01875 0.01171875 
6 0.63984375 0.7296875 0.01953125 0.0109375 
