2 0.57734375 0.85078125 0.015625 0.028125 
2 0.79921875 0.8375 0.01796875 0.02890625 
2 0.5296875 0.8765625 0.13515625 0.109375 
2 0.96875 0.81640625 0.028125 0.0390625 
2 0.60078125 0.86484375 0.04765625 0.078125 
2 0.4046875 0.865625 0.0265625 0.03125 
2 0.990625 0.8125 0.01875 0.03984375 
2 0.73125 0.878125 0.034375 0.096875 
2 0.684375 0.853125 0.03515625 0.04609375 
2 0.31875 0.8765625 0.03671875 0.0453125 
2 0.47421875 0.92890625 0.28203125 0.14140625 
2 0.76171875 0.88203125 0.0796875 0.11015625 
2 0.8265625 0.865625 0.05703125 0.09375 
2 0.65859375 0.90390625 0.090625 0.128125 
6 0.68203125 0.725 0.01953125 0.0109375 
6 0.6390625 0.7296875 0.01953125 0.0109375 
