2 0.68515625 0.8484375 0.03515625 0.0546875 
0 0.478125 0.86171875 0.0140625 0.04296875 
2 0.3234375 0.8828125 0.03828125 0.03984375 
2 0.47734375 0.8640625 0.015625 0.03515625 
2 0.58125 0.846875 0.02109375 0.028125 
2 0.4984375 0.85546875 0.02421875 0.03515625 
0 0.484375 0.87734375 0.01484375 0.07109375 
2 0.4421875 0.86171875 0.01953125 0.02421875 
2 0.91953125 0.8984375 0.1609375 0.20078125 
2 0.56171875 0.89765625 0.084375 0.10859375 
2 0.1046875 0.93359375 0.08046875 0.1109375 
2 0.61484375 0.8484375 0.02265625 0.03203125 
2 0.52109375 0.871875 0.03046875 0.06328125 
2 0.41875 0.8765625 0.0359375 0.0453125 
2 0.3796875 0.878125 0.0265625 0.03359375 
2 0.05625 0.940625 0.1109375 0.11640625 
2 0.18984375 0.9265625 0.14921875 0.1453125 
