2 0.72265625 0.85703125 0.01875 0.03359375 
6 0.5734375 0.703125 0.01796875 0.01328125 
2 0.5703125 0.85703125 0.01328125 0.03359375 
2 0.43515625 0.859375 0.01484375 0.0234375 
2 0.96328125 0.86953125 0.0734375 0.2546875 
2 0.4109375 0.8640625 0.01328125 0.0203125 
2 0.74296875 0.85546875 0.04375 0.0515625 
2 0.63203125 0.85625 0.03359375 0.05 
6 0.571875 0.59765625 0.03046875 0.021875 
5 0.96328125 0.87109375 0.0734375 0.253125 
2 0.59140625 0.8671875 0.040625 0.06171875 
2 0.65546875 0.890625 0.07890625 0.09140625 
2 0.81640625 0.915625 0.2203125 0.165625 
2 0.50625 0.90859375 0.16015625 0.17421875 
