2 0.22109375 0.859375 0.02265625 0.03203125 
2 0.4546875 0.840625 0.01171875 0.021875 
2 0.3296875 0.859375 0.0109375 0.01953125 
2 0.009375 0.9359375 0.01875 0.10859375 
2 0.4765625 0.84296875 0.01171875 0.0234375 
2 0.54609375 0.84296875 0.01796875 0.04140625 
2 0.4234375 0.84921875 0.01328125 0.028125 
2 0.34609375 0.859375 0.01484375 0.0265625 
2 0.13984375 0.88828125 0.025 0.03359375 
2 0.534375 0.85234375 0.0203125 0.04375 
2 0.36484375 0.85703125 0.02265625 0.03359375 
2 0.27421875 0.87890625 0.0328125 0.046875 
2 0.69140625 0.87109375 0.090625 0.128125 
2 0.25 0.89921875 0.03671875 0.08203125 
2 0.4421875 0.86484375 0.03828125 0.0609375 
2 0.50390625 0.88046875 0.065625 0.10703125 
2 0.07265625 0.92578125 0.14453125 0.1484375 
2 0.190625 0.91015625 0.10390625 0.13125 
