5 0.14375 0.87421875 0.04140625 0.078125 
2 0.17421875 0.89140625 0.028125 0.04609375 
2 0.14140625 0.87578125 0.03515625 0.0703125 
2 0.2890625 0.90703125 0.0484375 0.07890625 
11 0.378125 0.63515625 0.03046875 0.01953125 
2 0.19921875 0.884375 0.0328125 0.0453125 
2 0.621875 0.86953125 0.01640625 0.03515625 
2 0.58828125 0.86875 0.01796875 0.03203125 
2 0.62734375 0.88984375 0.025 0.0609375 
2 0.5453125 0.871875 0.02421875 0.03515625 
2 0.4890625 0.8765625 0.0296875 0.03828125 
2 0.51875 0.87890625 0.0359375 0.046875 
2 0.009375 0.87578125 0.01875 0.0640625 
2 0.5734375 0.88125 0.0328125 0.046875 
2 0.253125 0.9140625 0.11171875 0.10546875 
2 0.3890625 0.93046875 0.2015625 0.1359375 
2 0.6765625 0.9265625 0.1140625 0.14375 
11 0.48359375 0.6328125 0.03984375 0.02578125 
