2 0.1640625 0.86875 0.02265625 0.03671875 
6 0.5375 0.75234375 0.01171875 0.01015625 
2 0.484375 0.84921875 0.01640625 0.021875 
2 0.4390625 0.85859375 0.01953125 0.03046875 
2 0.46015625 0.85546875 0.01875 0.0265625 
2 0.2765625 0.87890625 0.021875 0.0453125 
2 0.38671875 0.86640625 0.03046875 0.04296875 
2 0.57109375 0.8578125 0.02265625 0.04140625 
2 0.02890625 0.903125 0.0578125 0.178125 
2 0.70625 0.86875 0.07265625 0.09140625 
2 0.53046875 0.8765625 0.05390625 0.0890625 
2 0.60625 0.8703125 0.05546875 0.08359375 
6 0.58046875 0.75078125 0.01328125 0.0109375 
