2 0.72890625 0.84140625 0.0140625 0.02421875 
2 0.7125 0.84609375 0.025 0.034375 
2 0.00703125 0.92578125 0.0140625 0.1484375 
2 0.41796875 0.91484375 0.07578125 0.13359375 
2 0.22265625 0.85 0.03046875 0.0296875 
2 0.63828125 0.85 0.02734375 0.0296875 
2 0.60859375 0.88203125 0.04375 0.071875 
2 0.47109375 0.89609375 0.0921875 0.11953125 
2 0.703125 0.878125 0.046875 0.08046875 
2 0.3421875 0.9 0.10546875 0.08515625 
2 0.6625 0.909375 0.08125 0.1140625 
2 0.884375 0.925 0.22578125 0.15 
2 0.16171875 0.91953125 0.115625 0.11015625 
2 0.5265625 0.93046875 0.21875 0.13515625 
11 0.76015625 0.68984375 0.025 0.0125 
11 0.68515625 0.69375 0.025 0.01171875 
