2 0.946875 0.88671875 0.075 0.08984375 
2 0.5859375 0.86171875 0.03828125 0.05859375 
11 0.8265625 0.62578125 0.025 0.01953125 
11 0.7265625 0.63515625 0.02578125 0.02109375 
2 0.95 0.92265625 0.096875 0.1546875 
2 0.88359375 0.8625 0.0296875 0.07890625 
2 0.80546875 0.90859375 0.14453125 0.17890625 
2 0.640625 0.8984375 0.07265625 0.1046875 
2 0.16328125 0.84296875 0.0328125 0.03828125 
2 0.909375 0.86328125 0.06484375 0.08984375 
2 0.515625 0.9203125 0.134375 0.159375 
2 0.29609375 0.89296875 0.06875 0.09140625 
2 0.0765625 0.9296875 0.15234375 0.140625 
