2 0.484375 0.8828125 0.0390625 0.06171875 
2 0.5765625 0.8609375 0.02421875 0.05078125 
2 0.6734375 0.86953125 0.02421875 0.0640625 
2 0.43671875 0.925 0.0578125 0.13125 
2 0.1453125 0.84296875 0.0234375 0.03203125 
2 0.57578125 0.88046875 0.02109375 0.05859375 
2 0.5421875 0.925 0.08203125 0.14296875 
2 0.1953125 0.8484375 0.02265625 0.0265625 
2 0.60546875 0.8765625 0.0296875 0.08203125 
2 0.54140625 0.871875 0.08125 0.096875 
2 0.39453125 0.87421875 0.05546875 0.0703125 
2 0.84375 0.875 0.07734375 0.11484375 
2 0.909375 0.9109375 0.17890625 0.1734375 
2 0.63984375 0.8875 0.07265625 0.11171875 
2 0.27265625 0.871875 0.0609375 0.06171875 
2 0.05390625 0.91953125 0.10625 0.15625 
2 0.76015625 0.9140625 0.19453125 0.16640625 
7 0.67734375 0.75078125 0.015625 0.009375 
