2 0.740625 0.85390625 0.01171875 0.03203125 
2 0.97890625 0.81171875 0.0421875 0.04609375 
2 0.775 0.8515625 0.05859375 0.11953125 
5 0.83359375 0.85 0.0671875 0.14296875 
6 0.5734375 0.71328125 0.0171875 0.01171875 
5 0.775 0.8515625 0.05859375 0.121875 
6 0.56875 0.63046875 0.02578125 0.01953125 
2 0.6515625 0.8578125 0.04453125 0.065625 
2 0.578125 0.86328125 0.0203125 0.046875 
2 0.60546875 0.87109375 0.05 0.0734375 
2 0.6890625 0.90078125 0.09921875 0.11953125 
2 0.88359375 0.91796875 0.2328125 0.1640625 
2 0.484375 0.90703125 0.21015625 0.175 
