2 0.184375 0.890625 0.02265625 0.0359375 
2 0.5765625 0.8421875 0.01796875 0.0140625 
4 0.64921875 0.925 0.03671875 0.109375 
0 0.48671875 0.878125 0.01328125 0.07109375 
3 0.26484375 0.86953125 0.090625 0.11484375 
2 0.33203125 0.88359375 0.03984375 0.03984375 
2 0.49921875 0.859375 0.02421875 0.0390625 
2 0.68125 0.853125 0.034375 0.053125 
2 0.44453125 0.8640625 0.01640625 0.02109375 
2 0.6140625 0.85 0.021875 0.0296875 
2 0.1421875 0.9140625 0.059375 0.0640625 
2 0.56640625 0.90078125 0.0875 0.109375 
2 0.91796875 0.89765625 0.1640625 0.2046875 
2 0.42421875 0.878125 0.03125 0.04453125 
2 0.52265625 0.87578125 0.03359375 0.0609375 
2 0.384375 0.8796875 0.02578125 0.03359375 
2 0.08046875 0.94296875 0.1609375 0.1140625 
2 0.22265625 0.928125 0.13046875 0.13984375 
