1 0.921875 0.86796875 0.0375 0.1203125 
0 0.74765625 0.87109375 0.0234375 0.125 
2 0.75625 0.49453125 0.02734375 0.0203125 
1 0.746875 0.88125 0.02265625 0.10703125 
2 0.15703125 0.86171875 0.01953125 0.03828125 
0 0.059375 0.84453125 0.009375 0.04921875 
2 0.77421875 0.46328125 0.01875 0.03828125 
2 0.00859375 0.83359375 0.01640625 0.03359375 
2 0.2234375 0.88203125 0.0265625 0.07578125 
2 0.86484375 0.8671875 0.13359375 0.1140625 
2 0.13984375 0.859375 0.03046875 0.0390625 
2 0.0265625 0.8390625 0.0265625 0.03984375 
2 0.1875 0.86640625 0.05 0.05078125 
2 0.10859375 0.84453125 0.0359375 0.046875 
2 0.25078125 0.8859375 0.06484375 0.090625 
2 0.3421875 0.9359375 0.1546875 0.1234375 
17 0.60390625 0.721875 0.021875 0.08359375 
7 0.39453125 0.47265625 0.06875 0.040625 
7 0.25390625 0.45078125 0.06796875 0.0515625 
