2 0.41875 0.86796875 0.02109375 0.02890625 
2 0.43515625 0.871875 0.028125 0.0296875 
2 0.99296875 0.8265625 0.0140625 0.04375 
2 0.46953125 0.8875 0.034375 0.05859375 
2 0.284375 0.87890625 0.02109375 0.0390625 
2 0.6828125 0.853125 0.03828125 0.0453125 
2 0.5625 0.8625 0.0234375 0.0265625 
2 0.3140625 0.87890625 0.03359375 0.04140625 
2 0.35859375 0.87578125 0.0265625 0.03046875 
2 0.60546875 0.8609375 0.02109375 0.03671875 
2 0.75078125 0.85703125 0.03671875 0.03359375 
2 0.39375 0.8734375 0.02734375 0.034375 
2 0.23203125 0.8890625 0.0765625 0.0640625 
2 0.5171875 0.934375 0.16328125 0.13125 
11 0.65859375 0.71953125 0.021875 0.009375 
11 0.70703125 0.71484375 0.021875 0.0109375 
