2 0.578125 0.85546875 0.01015625 0.03046875 
2 0.6078125 0.8640625 0.03046875 0.0484375 
2 0.76015625 0.828125 0.02109375 0.0265625 
2 0.6390625 0.85625 0.02578125 0.046875 
2 0.5921875 0.85859375 0.02578125 0.0515625 
4 0.82890625 0.865625 0.021875 0.0609375 
2 0.50078125 0.86328125 0.03515625 0.059375 
2 0.66484375 0.859375 0.04140625 0.0546875 
2 0.54453125 0.88046875 0.05546875 0.08671875 
2 0.3890625 0.87109375 0.02734375 0.0390625 
2 0.3515625 0.878125 0.0328125 0.040625 
2 0.459375 0.90703125 0.08359375 0.11796875 
2 0.74296875 0.86328125 0.059375 0.06953125 
2 0.2328125 0.89453125 0.07265625 0.084375 
2 0.93984375 0.8859375 0.1203125 0.1890625 
