2 0.45859375 0.85859375 0.0125 0.01953125 
2 0.52578125 0.86484375 0.02109375 0.04453125 
2 0.68125 0.84375 0.01328125 0.028125 
0 0.47890625 0.8890625 0.01640625 0.09296875 
2 0.11796875 0.88203125 0.03984375 0.04609375 
2 0.440625 0.8640625 0.0171875 0.025 
2 0.4234375 0.86953125 0.01875 0.03359375 
2 0.6265625 0.853125 0.02578125 0.03125 
2 0.55546875 0.9 0.08125 0.10703125 
2 0.41171875 0.87421875 0.025 0.0359375 
2 0.50546875 0.859375 0.02265625 0.0390625 
2 0.04921875 0.91953125 0.09765625 0.16015625 
2 0.1109375 0.93203125 0.07265625 0.1203125 
2 0.9265625 0.90390625 0.146875 0.19140625 
2 0.34921875 0.88203125 0.02734375 0.03984375 
2 0.73984375 0.85390625 0.046875 0.05546875 
2 0.378125 0.8890625 0.0515625 0.06640625 
