2 0.428125 0.8640625 0.02421875 0.03046875 
2 0.34765625 0.86953125 0.01796875 0.03125 
2 0.67734375 0.85859375 0.01328125 0.034375 
2 0.38515625 0.86953125 0.02578125 0.03125 
2 0.24609375 0.87734375 0.03046875 0.03046875 
2 0.653125 0.84140625 0.02734375 0.01875 
2 0.5796875 0.859375 0.01953125 0.03671875 
2 0.4046875 0.865625 0.0265625 0.03125 
2 0.33125 0.8734375 0.02578125 0.03046875 
2 0.59609375 0.85703125 0.02109375 0.03046875 
2 0.95625 0.834375 0.08515625 0.121875 
2 0.6203125 0.85625 0.028125 0.0390625 
2 0.6921875 0.85859375 0.034375 0.04453125 
2 0.47734375 0.925 0.28828125 0.15 
2 0.6453125 0.89296875 0.0734375 0.08984375 
11 0.68203125 0.72578125 0.01953125 0.009375 
11 0.63984375 0.7296875 0.02109375 0.0109375 
