2 0.43046875 0.853125 0.01796875 0.03359375 
2 0.49765625 0.853125 0.0125 0.034375 
2 0.89296875 0.95859375 0.0875 0.0796875 
2 0.44296875 0.84921875 0.01640625 0.028125 
2 0.2390625 0.859375 0.02109375 0.03203125 
2 0.31015625 0.8609375 0.0140625 0.02578125 
2 0.2921875 0.8578125 0.01328125 0.0234375 
2 0.27265625 0.85859375 0.021875 0.03125 
2 0.5296875 0.8609375 0.03671875 0.0515625 
2 0.4875 0.8609375 0.028125 0.0484375 
2 0.41484375 0.86640625 0.0375 0.0484375 
2 0.36953125 0.87421875 0.059375 0.071875 
2 0.459375 0.86953125 0.04375 0.0609375 
2 0.56875 0.87578125 0.06015625 0.08125 
2 0.0890625 0.91328125 0.159375 0.146875 
