2 0.34453125 0.921875 0.05234375 0.13671875 
2 0.75546875 0.85 0.03125 0.05390625 
2 0.353125 0.8625 0.0234375 0.03203125 
2 0.63984375 0.89375 0.03359375 0.1265625 
2 0.565625 0.8578125 0.0171875 0.034375 
2 0.52578125 0.86328125 0.02890625 0.0390625 
2 0.43125 0.89453125 0.0375 0.0859375 
2 0.39453125 0.91171875 0.08359375 0.11796875 
2 0.68046875 0.89921875 0.10625 0.153125 
2 0.2921875 0.92265625 0.15625 0.1546875 
2 0.859375 0.89375 0.140625 0.1359375 
6 0.571875 0.71640625 0.02265625 0.0109375 
6 0.6484375 0.7078125 0.02265625 0.0140625 
