2 0.8984375 0.8109375 0.01953125 0.03046875 
2 0.40703125 0.878125 0.01015625 0.04921875 
2 0.54765625 0.84609375 0.01796875 0.028125 
2 0.496875 0.85390625 0.0140625 0.0265625 
2 0.57421875 0.84609375 0.01328125 0.0265625 
2 0.05859375 0.94140625 0.06875 0.10078125 
2 0.4234375 0.865625 0.01328125 0.0265625 
2 0.4421875 0.8671875 0.01953125 0.02890625 
2 0.359375 0.884375 0.02421875 0.04453125 
2 0.5203125 0.86171875 0.0359375 0.06015625 
2 0.65546875 0.84921875 0.040625 0.05703125 
2 0.38828125 0.88125 0.04453125 0.06796875 
2 0.73046875 0.865625 0.07578125 0.115625 
2 0.6015625 0.86875 0.05546875 0.0859375 
