2 0.1078125 0.89921875 0.0140625 0.14453125 
2 0.834375 0.84921875 0.02734375 0.03046875 
2 0.675 0.86796875 0.0234375 0.06171875 
2 0.57578125 0.8796875 0.02109375 0.059375 
2 0.14375 0.84296875 0.02421875 0.03359375 
2 0.421875 0.85234375 0.02890625 0.03046875 
2 0.1953125 0.8484375 0.0234375 0.02578125 
2 0.8578125 0.87578125 0.06796875 0.08359375 
2 0.540625 0.92578125 0.08359375 0.14453125 
2 0.546875 0.86953125 0.06484375 0.09140625 
2 0.60390625 0.87578125 0.03203125 0.08125 
2 0.38828125 0.86328125 0.040625 0.0484375 
2 0.91015625 0.9109375 0.17890625 0.1703125 
2 0.63984375 0.88671875 0.071875 0.11171875 
2 0.30078125 0.87890625 0.06484375 0.0734375 
2 0.76015625 0.9140625 0.1953125 0.165625 
2 0.05625 0.90234375 0.1125 0.1953125 
7 0.678125 0.75078125 0.01640625 0.0109375 
