4 0.675 0.921875 0.03515625 0.1015625 
2 0.5890625 0.853125 0.01796875 0.03203125 
3 0.15 0.86953125 0.16328125 0.1890625 
2 0.5515625 0.89765625 0.08046875 0.11015625 
2 0.36796875 0.8734375 0.01796875 0.0265625 
2 0.4671875 0.86328125 0.0140625 0.02578125 
2 0.50546875 0.859375 0.02109375 0.040625 
2 0.63046875 0.8515625 0.0265625 0.03359375 
2 0.434375 0.8640625 0.01953125 0.02578125 
2 0.4125 0.87109375 0.02265625 0.0390625 
2 0.03359375 0.91796875 0.06484375 0.12421875 
2 0.7734375 0.853125 0.0453125 0.05703125 
2 0.39140625 0.878125 0.03515625 0.04296875 
2 0.93046875 0.90078125 0.1390625 0.19453125 
2 0.33203125 0.9015625 0.0734375 0.0890625 
