2 0.3375 0.8671875 0.01484375 0.0265625 
2 0.11875 0.8765625 0.02734375 0.0359375 
2 0.04296875 0.87421875 0.02734375 0.0390625 
2 0.3625 0.88203125 0.0390625 0.07578125 
2 0.21171875 0.884375 0.05234375 0.071875 
6 0.3203125 0.65 0.034375 0.01875 
2 0.0796875 0.878125 0.0484375 0.04609375 
2 0.675 0.871875 0.06640625 0.06875 
2 0.18203125 0.875 0.03203125 0.03515625 
2 0.01328125 0.91484375 0.0265625 0.1703125 
2 0.2734375 0.9234375 0.1921875 0.15 
2 0.475 0.9265625 0.23515625 0.14453125 
6 0.2390625 0.6546875 0.0359375 0.01640625 
6 0.409375 0.74765625 0.01796875 0.01015625 
6 0.45859375 0.7453125 0.01953125 0.0109375 
