2 0.59921875 0.84765625 0.02265625 0.0359375 
2 0.290625 0.87890625 0.04375 0.05625 
2 0.5515625 0.8484375 0.00859375 0.0234375 
2 0.56484375 0.84453125 0.02265625 0.0484375 
2 0.7265625 0.86171875 0.02578125 0.05 
2 0.51875 0.84296875 0.00859375 0.01875 
2 0.65234375 0.84609375 0.02421875 0.03203125 
2 0.3421875 0.871875 0.02890625 0.04453125 
2 0.43359375 0.85859375 0.025 0.0296875 
2 0.3828125 0.86484375 0.03046875 0.04453125 
2 0.796875 0.86171875 0.0484375 0.071875 
2 0.8453125 0.8640625 0.06796875 0.0859375 
2 0.746875 0.86171875 0.0546875 0.05859375 
2 0.16640625 0.88203125 0.07578125 0.07578125 
