2 0.1953125 0.8453125 0.02109375 0.03125 
2 0.6734375 0.87109375 0.02421875 0.0640625 
2 0.0546875 0.828125 0.0203125 0.03671875 
2 0.48359375 0.88125 0.040625 0.06640625 
2 0.57578125 0.88046875 0.02109375 0.059375 
2 0.14609375 0.84296875 0.02421875 0.03359375 
2 0.5421875 0.925 0.084375 0.14296875 
2 0.60390625 0.87578125 0.03203125 0.08046875 
2 0.8421875 0.8734375 0.078125 0.1140625 
2 0.4109375 0.85625 0.03671875 0.03984375 
2 0.5421875 0.87109375 0.0796875 0.0953125 
2 0.909375 0.9109375 0.17890625 0.17421875 
2 0.63984375 0.88671875 0.07421875 0.11171875 
2 0.76015625 0.9140625 0.19375 0.16484375 
7 0.678125 0.75078125 0.01484375 0.009375 
