2 0.09296875 0.82578125 0.02109375 0.03203125 
2 0.70078125 0.815625 0.021875 0.028125 
2 0.00703125 0.89296875 0.0140625 0.1390625 
7 0.68984375 0.66875 0.02890625 0.015625 
2 0.72890625 0.82578125 0.03515625 0.040625 
2 0.1453125 0.8234375 0.02890625 0.02890625 
2 0.26015625 0.84375 0.03515625 0.03046875 
7 0.7703125 0.66171875 0.02890625 0.015625 
2 0.6671875 0.9015625 0.0953125 0.16171875 
2 0.20390625 0.83125 0.02734375 0.03046875 
2 0.33125 0.85625 0.03359375 0.04609375 
2 0.36015625 0.8640625 0.06015625 0.05546875 
2 0.921875 0.89765625 0.15625 0.19921875 
2 0.421875 0.85390625 0.040625 0.0484375 
2 0.2171875 0.884375 0.08359375 0.09140625 
2 0.76484375 0.91953125 0.16796875 0.15703125 
2 0.5296875 0.91328125 0.2546875 0.1734375 
