2 0.53984375 0.84765625 0.0125 0.02109375 
2 0.54765625 0.8515625 0.01640625 0.021875 
2 0.5671875 0.84921875 0.0140625 0.0203125 
2 0.6640625 0.84296875 0.03828125 0.04453125 
2 0.20078125 0.88203125 0.034375 0.04609375 
2 0.5828125 0.85 0.01796875 0.02578125 
2 0.234375 0.8828125 0.04765625 0.05078125 
2 0.73828125 0.84765625 0.0328125 0.034375 
2 0.27578125 0.8796875 0.02109375 0.03671875 
2 0.3453125 0.8734375 0.0375 0.04921875 
2 0.07734375 0.89453125 0.11953125 0.10625 
2 0.2984375 0.87890625 0.0375 0.04609375 
2 0.43515625 0.92578125 0.18046875 0.14140625 
11 0.76796875 0.6421875 0.0296875 0.01484375 
11 0.7 0.6484375 0.0328125 0.01640625 
