2 0.42890625 0.8640625 0.02421875 0.03046875 
2 0.8125 0.7578125 0.03046875 0.053125 
2 0.94453125 0.821875 0.0359375 0.040625 
2 0.38046875 0.86953125 0.03359375 0.03046875 
2 0.35625 0.865625 0.01796875 0.028125 
2 0.24375 0.875 0.03046875 0.03359375 
2 0.4046875 0.865625 0.02578125 0.03046875 
2 0.5890625 0.8609375 0.01953125 0.03671875 
2 0.9671875 0.81796875 0.028125 0.0390625 
2 0.98984375 0.81171875 0.01875 0.03984375 
2 0.33046875 0.8734375 0.02890625 0.03125 
2 0.88828125 0.83671875 0.075 0.10703125 
2 0.64140625 0.859375 0.025 0.0453125 
2 0.66953125 0.85625 0.03046875 0.03828125 
2 0.61640625 0.88046875 0.05625 0.06875 
2 0.478125 0.925 0.29140625 0.15 
11 0.68203125 0.72578125 0.01875 0.01015625 
11 0.6390625 0.7296875 0.0203125 0.0109375 
