2 0.2859375 0.84453125 0.02578125 0.0296875 
2 0.37421875 0.85390625 0.028125 0.03359375 
2 0.40703125 0.846875 0.03203125 0.03515625 
7 0.7578125 0.703125 0.021875 0.01171875 
2 0.30859375 0.84453125 0.02578125 0.02578125 
2 0.63984375 0.87578125 0.040625 0.0890625 
2 0.66328125 0.89453125 0.03125 0.10390625 
2 0.5671875 0.90546875 0.09296875 0.13671875 
2 0.984375 0.88828125 0.03125 0.13984375 
2 0.1984375 0.89453125 0.0703125 0.08125 
2 0.9515625 0.8578125 0.06953125 0.096875 
2 0.71640625 0.90390625 0.10078125 0.175 
2 0.39609375 0.88359375 0.05234375 0.071875 
2 0.8625 0.9171875 0.2625 0.165625 
7 0.6953125 0.7078125 0.0234375 0.0109375 
