2 0.4375 0.925 0.059375 0.13125 
2 0.67421875 0.86875 0.0234375 0.0609375 
2 0.0546875 0.83046875 0.02109375 0.04375 
2 0.48359375 0.88125 0.0390625 0.06796875 
2 0.57578125 0.88046875 0.021875 0.059375 
2 0.54296875 0.92578125 0.08125 0.14140625 
2 0.4453125 0.8515625 0.03203125 0.03671875 
2 0.6046875 0.875 0.03203125 0.0796875 
2 0.5421875 0.87109375 0.08046875 0.0953125 
2 0.84140625 0.87421875 0.0765625 0.1140625 
2 0.909375 0.9109375 0.17890625 0.17421875 
2 0.63984375 0.8875 0.075 0.11171875 
2 0.76015625 0.91328125 0.19453125 0.16796875 
2 0.16640625 0.90078125 0.21015625 0.190625 
7 0.67734375 0.75078125 0.015625 0.009375 
