2 0.71875 0.84375 0.03671875 0.0640625 
2 0.58125 0.86640625 0.03359375 0.05859375 
2 0.38671875 0.85625 0.02890625 0.0265625 
2 0.78515625 0.84296875 0.028125 0.03828125 
2 0.50859375 0.85546875 0.03125 0.0484375 
2 0.628125 0.90078125 0.07578125 0.1265625 
2 0.01328125 0.84765625 0.0265625 0.0515625 
11 0.875 0.45078125 0.065625 0.0390625 
2 0.053125 0.84375 0.03828125 0.04453125 
2 0.6875 0.87265625 0.05546875 0.08046875 
2 0.82421875 0.91953125 0.1421875 0.14609375 
11 0.77265625 0.76875 0.0125 0.00625 
11 0.73671875 0.7703125 0.0140625 0.00625 
