2 0.96796875 0.815625 0.021875 0.03203125 
2 0.32265625 0.87109375 0.01796875 0.03046875 
2 0.57734375 0.853125 0.015625 0.02578125 
2 0.8953125 0.83046875 0.02578125 0.03046875 
2 0.44296875 0.86171875 0.02734375 0.03046875 
4 0.009375 0.925 0.01796875 0.14609375 
2 0.3734375 0.86796875 0.02265625 0.03046875 
2 0.4671875 0.85703125 0.01953125 0.03203125 
2 0.30390625 0.8765625 0.03515625 0.0453125 
2 0.121875 0.89296875 0.084375 0.06796875 
2 0.34375 0.86953125 0.0296875 0.03515625 
2 0.953125 0.81953125 0.03515625 0.04375 
2 0.40625 0.8640625 0.02890625 0.03203125 
2 0.98828125 0.8109375 0.0234375 0.040625 
2 0.6 0.87890625 0.03984375 0.0609375 
2 0.9234375 0.859375 0.06953125 0.09609375 
2 0.25859375 0.87421875 0.03359375 0.04453125 
2 0.86640625 0.89609375 0.0828125 0.134375 
2 0.4859375 0.92421875 0.24921875 0.146875 
2 0.95859375 0.9203125 0.08125 0.159375 
2 0.771875 0.91171875 0.20234375 0.171875 
6 0.6375 0.73046875 0.01875 0.01328125 
6 0.68046875 0.72578125 0.01953125 0.01015625 
