5 0.95390625 0.90703125 0.0921875 0.18125 
2 0.91484375 0.84765625 0.025 0.0453125 
2 0.75078125 0.85859375 0.04453125 0.08359375 
2 0.07265625 0.84140625 0.05078125 0.04296875 
2 0.56953125 0.85078125 0.0125 0.03046875 
2 0.72890625 0.846875 0.01875 0.046875 
2 0.84453125 0.88984375 0.146875 0.1796875 
2 0.128125 0.85078125 0.04140625 0.03359375 
2 0.95390625 0.90859375 0.0921875 0.17578125 
2 0.225 0.853125 0.04296875 0.03671875 
2 0.6734375 0.896875 0.11640625 0.16484375 
2 0.5984375 0.846875 0.02734375 0.03515625 
2 0.4984375 0.90390625 0.1765625 0.1859375 
