2 0.58359375 0.8359375 0.01875 0.02421875 
2 0.1203125 0.85703125 0.03671875 0.0390625 
2 0.41796875 0.85078125 0.02578125 0.05 
2 0.1859375 0.85859375 0.02421875 0.03515625 
2 0.2984375 0.85 0.01953125 0.03359375 
2 0.1046875 0.928125 0.20625 0.14375 
2 0.21953125 0.8578125 0.04765625 0.05859375 
2 0.31484375 0.8515625 0.02578125 0.03359375 
2 0.44375 0.878125 0.075 0.08671875 
2 0.25546875 0.8515625 0.025 0.034375 
2 0.61953125 0.8578125 0.04609375 0.05859375 
2 0.36171875 0.8734375 0.06875 0.0765625 
2 0.5234375 0.909375 0.10078125 0.14453125 
2 0.78203125 0.91640625 0.1765625 0.16640625 
16 0.17734375 0.67578125 0.0125 0.05390625 
