2 0.00546875 0.8953125 0.0109375 0.121875 
2 0.87734375 0.9109375 0.04375 0.1015625 
2 0.1859375 0.840625 0.0359375 0.04140625 
2 0.203125 0.8359375 0.0265625 0.034375 
2 0.31171875 0.8484375 0.015625 0.02109375 
2 0.63046875 0.865625 0.03203125 0.078125 
2 0.14296875 0.82890625 0.03203125 0.03515625 
2 0.7390625 0.828125 0.03203125 0.04453125 
2 0.6671875 0.90546875 0.09140625 0.16484375 
2 0.41171875 0.88203125 0.05859375 0.08359375 
2 0.28203125 0.8765625 0.06328125 0.08359375 
2 0.3328125 0.86953125 0.04921875 0.0609375 
2 0.92734375 0.90078125 0.1453125 0.196875 
2 0.38125 0.859375 0.04140625 0.0546875 
2 0.071875 0.91484375 0.13203125 0.140625 
2 0.525 0.91484375 0.2609375 0.1703125 
2 0.1828125 0.92890625 0.23203125 0.14140625 
2 0.7640625 0.92109375 0.16875 0.15703125 
11 0.76953125 0.66484375 0.03203125 0.0140625 
11 0.6890625 0.67109375 0.028125 0.01328125 
