2 0.475 0.853125 0.01640625 0.03515625 
2 0.2046875 0.875 0.01953125 0.03125 
2 0.121875 0.88671875 0.03984375 0.05 
2 0.14609375 0.89296875 0.0375 0.05546875 
2 0.34921875 0.8671875 0.01953125 0.025 
4 0.009375 0.92578125 0.01796875 0.146875 
2 0.965625 0.81796875 0.02890625 0.0390625 
2 0.44296875 0.8625 0.02890625 0.03046875 
2 0.91875 0.83046875 0.021875 0.03125 
2 0.1796875 0.884375 0.04296875 0.0640625 
2 0.24609375 0.88515625 0.04296875 0.05546875 
2 0.37109375 0.86640625 0.02734375 0.03515625 
2 0.5796875 0.86953125 0.0203125 0.04140625 
2 0.30078125 0.8734375 0.03046875 0.03828125 
2 0.93984375 0.86015625 0.0625 0.0984375 
2 0.60859375 0.89296875 0.02578125 0.075 
2 0.990625 0.81640625 0.01875 0.05078125 
2 0.40078125 0.865625 0.03671875 0.0390625 
2 0.875 0.8984375 0.09375 0.14375 
2 0.484375 0.9234375 0.24921875 0.14921875 
2 0.96015625 0.92578125 0.07890625 0.1484375 
2 0.771875 0.9125 0.20234375 0.1734375 
7 0.63828125 0.7296875 0.02109375 0.01015625 
