2 0.44296875 0.86328125 0.03828125 0.0359375 
2 0.3796875 0.87890625 0.04296875 0.06640625 
6 0.31484375 0.64375 0.02734375 0.01953125 
2 0.134375 0.88125 0.03359375 0.04140625 
2 0.21875 0.87421875 0.01953125 0.025 
2 0.234375 0.88671875 0.02578125 0.0609375 
2 0.26328125 0.88359375 0.0625 0.0796875 
2 0.18984375 0.8765625 0.03359375 0.03125 
2 0.684375 0.8734375 0.07109375 0.06953125 
2 0.03203125 0.909375 0.0640625 0.16640625 
2 0.30703125 0.928125 0.15625 0.13984375 
2 0.47890625 0.928125 0.228125 0.14296875 
6 0.228125 0.6515625 0.034375 0.01640625 
6 0.4046875 0.74921875 0.01796875 0.01015625 
6 0.45546875 0.74609375 0.01953125 0.0109375 
