2 0.45234375 0.85703125 0.0359375 0.02890625 
6 0.29140625 0.62890625 0.040625 0.02109375 
2 0.39921875 0.87421875 0.034375 0.059375 
2 0.26015625 0.8671875 0.02265625 0.03828125 
2 0.11484375 0.88046875 0.025 0.0359375 
2 0.23984375 0.86953125 0.01875 0.03046875 
2 0.30625 0.88984375 0.053125 0.0890625 
2 0.70390625 0.871875 0.078125 0.07421875 
2 0.171875 0.8765625 0.03125 0.028125 
2 0.278125 0.88359375 0.0265625 0.059375 
2 0.06171875 0.9140625 0.12265625 0.15390625 
2 0.48828125 0.9265625 0.19296875 0.14453125 
2 0.35234375 0.925 0.10234375 0.13671875 
6 0.2046875 0.634375 0.0375 0.021875 
6 0.39609375 0.74453125 0.0203125 0.0109375 
6 0.44921875 0.740625 0.01953125 0.0125 
