2 0.57734375 0.85078125 0.025 0.04609375 
2 0.0546875 0.828125 0.0203125 0.03828125 
2 0.57578125 0.8796875 0.021875 0.059375 
2 0.67421875 0.86796875 0.02265625 0.0609375 
2 0.4375 0.925 0.06015625 0.13125 
2 0.146875 0.84296875 0.025 0.03359375 
2 0.54296875 0.92578125 0.08203125 0.140625 
2 0.6046875 0.87578125 0.03125 0.08046875 
2 0.8421875 0.8734375 0.078125 0.1140625 
2 0.54296875 0.87109375 0.07890625 0.0953125 
2 0.42421875 0.8546875 0.0328125 0.0390625 
2 0.90859375 0.91171875 0.18125 0.171875 
2 0.640625 0.8875 0.07265625 0.11171875 
2 0.759375 0.9140625 0.19375 0.16640625 
7 0.67734375 0.75078125 0.015625 0.009375 
