2 0.546875 0.8421875 0.00859375 0.02109375 
2 0.5984375 0.8515625 0.0265625 0.053125 
2 0.33125 0.865625 0.0203125 0.03828125 
2 0.6265625 0.84609375 0.01953125 0.02890625 
2 0.5609375 0.846875 0.02578125 0.0359375 
6 0.634375 0.65546875 0.0234375 0.01875 
2 0.6453125 0.846875 0.02421875 0.03125 
2 0.39453125 0.8609375 0.0296875 0.040625 
2 0.24921875 0.87890625 0.065625 0.078125 
6 0.5453125 0.66171875 0.02421875 0.01953125 
2 0.15625 0.88203125 0.07109375 0.06953125 
16 0.484375 0.74609375 0.00859375 0.03515625 
