2 0.52734375 0.8734375 0.13671875 0.1 
2 0.96796875 0.85078125 0.0515625 0.06171875 
2 0.99140625 0.80703125 0.015625 0.03046875 
2 0.60703125 0.85078125 0.01796875 0.03125 
2 0.371875 0.85546875 0.03984375 0.053125 
2 0.40546875 0.865625 0.028125 0.03125 
2 0.6984375 0.8484375 0.0171875 0.02890625 
2 0.59453125 0.871875 0.03828125 0.05703125 
2 0.7609375 0.85390625 0.04453125 0.04921875 
2 0.95546875 0.8234375 0.0515625 0.05078125 
2 0.63359375 0.86015625 0.034375 0.05 
2 0.71953125 0.8609375 0.04453125 0.05546875 
2 0.47578125 0.928125 0.2859375 0.14375 
2 0.6703125 0.8703125 0.04921875 0.06328125 
2 0.8578125 0.915625 0.28125 0.16796875 
6 0.68203125 0.72578125 0.01875 0.0109375 
6 0.6390625 0.73046875 0.0203125 0.0109375 
