2 0.19609375 0.8484375 0.021875 0.02578125 
2 0.6734375 0.86953125 0.0234375 0.0609375 
2 0.0546875 0.83359375 0.021875 0.0484375 
2 0.57578125 0.88046875 0.021875 0.059375 
2 0.54140625 0.92578125 0.08359375 0.14375 
2 0.6046875 0.8765625 0.03046875 0.08203125 
2 0.540625 0.87109375 0.08125 0.096875 
2 0.409375 0.87109375 0.046875 0.05859375 
2 0.8484375 0.871875 0.08125 0.11328125 
2 0.909375 0.9109375 0.178125 0.17421875 
2 0.63984375 0.8875 0.07265625 0.11171875 
2 0.30234375 0.86953125 0.05234375 0.05546875 
2 0.75859375 0.9140625 0.19140625 0.16640625 
2 0.13828125 0.90546875 0.14296875 0.13671875 
7 0.67734375 0.75078125 0.01640625 0.00859375 
