0 0.4859375 0.87890625 0.0078125 0.046875 
3 0.303125 0.85546875 0.07109375 0.075 
2 0.7921875 0.821875 0.01796875 0.04296875 
2 0.475 0.865625 0.01484375 0.03046875 
5 0.06796875 0.9125 0.134375 0.1734375 
2 0.50078125 0.86328125 0.01953125 0.040625 
2 0.5734375 0.903125 0.0484375 0.1015625 
2 0.4265625 0.86875 0.01328125 0.021875 
2 0.3859375 0.87578125 0.01640625 0.0234375 
2 0.0671875 0.9125 0.134375 0.175 
2 0.4046875 0.87421875 0.01953125 0.025 
2 0.15546875 0.93046875 0.053125 0.13359375 
2 0.44375 0.8703125 0.02265625 0.0296875 
2 0.20234375 0.9125 0.05 0.06796875 
2 0.51875 0.88046875 0.04765625 0.06875 
2 0.921875 0.89921875 0.15390625 0.2015625 
2 0.2515625 0.93125 0.11171875 0.121875 
2 0.32734375 0.90390625 0.06171875 0.096875 
