5 0.70546875 0.92109375 0.05 0.15390625 
2 0.3140625 0.74453125 0.0234375 0.03046875 
2 0.7046875 0.92109375 0.05078125 0.15703125 
2 0.34609375 0.85859375 0.015625 0.03515625 
2 0.73359375 0.83125 0.028125 0.0390625 
2 0.20078125 0.834375 0.025 0.03203125 
2 0.66796875 0.90546875 0.09375 0.1640625 
2 0.03515625 0.90859375 0.0703125 0.1265625 
2 0.32421875 0.86953125 0.05078125 0.0640625 
2 0.26171875 0.87890625 0.0765625 0.08828125 
2 0.39765625 0.8859375 0.06484375 0.0890625 
2 0.37578125 0.8609375 0.046875 0.05859375 
2 0.92890625 0.90078125 0.1421875 0.1953125 
2 0.77265625 0.92109375 0.15703125 0.15546875 
2 0.525 0.9140625 0.26796875 0.17109375 
2 0.12734375 0.92734375 0.2546875 0.1453125 
11 0.77109375 0.66328125 0.028125 0.01640625 
11 0.690625 0.66796875 0.028125 0.01484375 
