2 0.9109375 0.803125 0.02578125 0.02421875 
2 0.88203125 0.81015625 0.025 0.021875 
2 0.134375 0.84765625 0.02890625 0.0234375 
2 0.05234375 0.85703125 0.02890625 0.03046875 
2 0.809375 0.81796875 0.02265625 0.03046875 
2 0.79140625 0.81875 0.01796875 0.0234375 
2 0.596875 0.84296875 0.015625 0.03046875 
2 0.19921875 0.8546875 0.0390625 0.03125 
2 0.721875 0.83671875 0.0234375 0.040625 
2 0.85390625 0.84453125 0.0640625 0.06328125 
2 0.68125 0.85078125 0.0453125 0.053125 
2 0.55234375 0.8578125 0.0453125 0.06796875 
2 0.7640625 0.8921875 0.10546875 0.14140625 
