2 0.48203125 0.88203125 0.040625 0.0640625 
2 0.05546875 0.828125 0.01953125 0.03828125 
2 0.6734375 0.87109375 0.02578125 0.065625 
2 0.14375 0.84140625 0.021875 0.03359375 
2 0.57578125 0.88046875 0.0203125 0.059375 
2 0.1953125 0.846875 0.02265625 0.028125 
2 0.5421875 0.9265625 0.0828125 0.13984375 
2 0.4359375 0.92421875 0.05703125 0.13359375 
2 0.60234375 0.87578125 0.03203125 0.08046875 
2 0.5375 0.87109375 0.078125 0.09375 
2 0.8421875 0.87421875 0.07578125 0.11484375 
2 0.90859375 0.9109375 0.1796875 0.17421875 
2 0.36640625 0.865625 0.0484375 0.05390625 
2 0.640625 0.88671875 0.07109375 0.11171875 
2 0.76015625 0.9140625 0.19453125 0.16484375 
11 0.709375 0.7484375 0.015625 0.0078125 
11 0.678125 0.7515625 0.0125 0.0078125 
