2 0.42890625 0.8640625 0.025 0.03203125 
2 0.353125 0.87109375 0.0171875 0.0234375 
2 0.771875 0.82734375 0.04609375 0.046875 
2 0.96796875 0.81796875 0.028125 0.0390625 
2 0.24765625 0.87578125 0.02265625 0.03359375 
2 0.32890625 0.87109375 0.03125 0.03359375 
2 0.30390625 0.8734375 0.0234375 0.03515625 
2 0.9453125 0.82265625 0.03671875 0.04140625 
2 0.83203125 0.8390625 0.05 0.03671875 
2 0.371875 0.871875 0.02578125 0.0296875 
2 0.4046875 0.865625 0.02578125 0.03125 
2 0.99140625 0.81171875 0.0171875 0.03984375 
2 0.60859375 0.85859375 0.02265625 0.03125 
2 0.63125 0.85546875 0.02109375 0.02890625 
2 0.58359375 0.865625 0.02890625 0.046875 
2 0.47734375 0.925 0.2921875 0.15 
2 0.73984375 0.8875 0.078125 0.08828125 
11 0.6828125 0.72578125 0.01953125 0.01015625 
11 0.6390625 0.72890625 0.01875 0.0109375 
