2 0.76015625 0.81640625 0.025 0.0484375 
2 0.18515625 0.834375 0.028125 0.03515625 
2 0.78671875 0.81953125 0.04140625 0.0609375 
2 0.23828125 0.84296875 0.03515625 0.03671875 
2 0.70078125 0.815625 0.02265625 0.028125 
2 0.14609375 0.82421875 0.0296875 0.03203125 
7 0.684375 0.6671875 0.01796875 0.015625 
2 0.7265625 0.82421875 0.03828125 0.04375 
2 0.2046875 0.83125 0.025 0.03046875 
7 0.765625 0.6609375 0.01953125 0.01875 
2 0.66640625 0.90078125 0.09375 0.16015625 
2 0.29609375 0.8765625 0.046875 0.08203125 
2 0.259375 0.87109375 0.04609375 0.06875 
2 0.92109375 0.89765625 0.1578125 0.19921875 
2 0.04375 0.91640625 0.08671875 0.1484375 
2 0.5265625 0.9125 0.25625 0.175 
2 0.76015625 0.9203125 0.16328125 0.159375 
