2 0.18828125 0.8359375 0.02578125 0.03125 
2 0.49609375 0.85078125 0.02578125 0.03515625 
2 0.74609375 0.896875 0.053125 0.09453125 
2 0.75859375 0.865625 0.034375 0.05078125 
2 0.446875 0.86640625 0.03515625 0.075 
2 0.60703125 0.85625 0.03671875 0.05703125 
2 0.640625 0.8984375 0.0484375 0.10390625 
2 0.6171875 0.88046875 0.03046875 0.071875 
2 0.81328125 0.871875 0.0921875 0.09140625 
2 0.70859375 0.92109375 0.12109375 0.15 
2 0.37109375 0.8703125 0.0390625 0.05 
2 0.25390625 0.89296875 0.06796875 0.084375 
2 0.87109375 0.915625 0.2578125 0.159375 
2 0.0484375 0.93046875 0.096875 0.1390625 
2 0.52265625 0.92421875 0.2515625 0.1515625 
2 0.309375 0.92734375 0.1625 0.1453125 
11 0.75 0.6890625 0.025 0.0125 
