2 0.29609375 0.8625 0.034375 0.034375 
0 0.56875 0.87109375 0.01328125 0.04921875 
0 0.4140625 0.8703125 0.01328125 0.0703125 
2 0.51171875 0.85078125 0.01328125 0.03359375 
2 0.61484375 0.84296875 0.021875 0.01953125 
2 0.50390625 0.859375 0.01328125 0.040625 
2 0.584375 0.8484375 0.02109375 0.03046875 
2 0.56171875 0.8484375 0.01875 0.0296875 
2 0.59140625 0.8453125 0.01953125 0.03125 
2 0.69375 0.846875 0.02890625 0.03515625 
4 0.56953125 0.875 0.01328125 0.04609375 
2 0.534375 0.8484375 0.01640625 0.0296875 
2 0.4375 0.8578125 0.01640625 0.025 
2 0.45546875 0.85859375 0.0203125 0.03359375 
2 0.484375 0.86328125 0.0390625 0.05546875 
2 0.65390625 0.8890625 0.08125 0.1015625 
