0 0.14453125 0.87109375 0.0078125 0.06640625 
2 0.69765625 0.846875 0.009375 0.028125 
2 0.7140625 0.84296875 0.01328125 0.021875 
2 0.95234375 0.93359375 0.01875 0.025 
2 0.021875 0.859375 0.0421875 0.0546875 
2 0.7515625 0.86328125 0.0328125 0.05546875 
2 0.2203125 0.8640625 0.02890625 0.040625 
2 0.46875 0.903125 0.325 0.19375 
2 0.63125 0.88203125 0.06015625 0.103125 
2 0.68046875 0.86328125 0.03984375 0.06640625 
11 0.790625 0.7171875 0.02265625 0.01328125 
11 0.74609375 0.72109375 0.02109375 0.01171875 
