2 0.1421875 0.81015625 0.0109375 0.0203125 
0 0.22890625 0.82578125 0.0078125 0.04375 
2 0.1640625 0.803125 0.00859375 0.0140625 
2 0.99375 0.82109375 0.0125 0.07890625 
2 0.19453125 0.81640625 0.01484375 0.028125 
2 0.3546875 0.8453125 0.03046875 0.04296875 
2 0.33203125 0.84140625 0.03203125 0.04140625 
2 0.20859375 0.821875 0.02421875 0.03671875 
2 0.3875 0.8609375 0.06640625 0.08671875 
2 0.3015625 0.828125 0.034375 0.05 
2 0.0375 0.8875 0.07421875 0.15859375 
2 0.471875 0.92421875 0.15390625 0.15078125 
17 0.9171875 0.6234375 0.03671875 0.12265625 
7 0.61328125 0.25546875 0.09921875 0.059375 
7 0.4015625 0.22578125 0.10546875 0.06640625 
