2 0.65546875 0.84765625 0.01640625 0.0234375 
2 0.19140625 0.89140625 0.05390625 0.05703125 
2 0.39765625 0.859375 0.02578125 0.03046875 
2 0.7796875 0.8890625 0.06796875 0.13125 
2 0.99453125 0.884375 0.0109375 0.14921875 
2 0.4046875 0.865625 0.0265625 0.03203125 
2 0.5828125 0.86484375 0.02421875 0.04453125 
2 0.63515625 0.86328125 0.01875 0.03671875 
2 0.35625 0.871875 0.02734375 0.03515625 
2 0.75859375 0.853125 0.03359375 0.046875 
2 0.990625 0.81171875 0.01875 0.03984375 
2 0.7203125 0.859375 0.0328125 0.04453125 
2 0.8875 0.8625 0.046875 0.06953125 
2 0.6125 0.87890625 0.05234375 0.06796875 
2 0.9546875 0.8203125 0.053125 0.04453125 
2 0.81328125 0.8890625 0.13125 0.1484375 
2 0.4765625 0.92265625 0.2875 0.1546875 
2 0.68671875 0.91796875 0.12109375 0.15859375 
6 0.6828125 0.725 0.02109375 0.01015625 
6 0.63984375 0.7296875 0.01875 0.009375 
