2 0.590625 0.8421875 0.0234375 0.025 
2 0.99296875 0.79765625 0.0140625 0.034375 
2 0.2859375 0.85859375 0.01796875 0.03046875 
2 0.92890625 0.80625 0.028125 0.03515625 
2 0.2421875 0.86171875 0.02578125 0.03828125 
2 0.60234375 0.871875 0.0203125 0.07421875 
2 0.31015625 0.85703125 0.03125 0.0359375 
2 0.34296875 0.853125 0.0171875 0.03359375 
2 0.221875 0.86328125 0.03515625 0.040625 
2 0.8171875 0.853125 0.0625 0.09453125 
2 0.66796875 0.8375 0.10390625 0.20859375 
2 0.96796875 0.803125 0.0515625 0.04296875 
2 0.984375 0.8484375 0.03125 0.103125 
2 0.74609375 0.8640625 0.059375 0.0984375 
2 0.87734375 0.8890625 0.16015625 0.1609375 
2 0.5 0.9125 0.18515625 0.1640625 
7 0.6734375 0.7171875 0.01875 0.009375 
7 0.63359375 0.71953125 0.02109375 0.01171875 
