0 0.3109375 0.90859375 0.01796875 0.075 
2 0.86640625 0.846875 0.015625 0.04609375 
2 0.85859375 0.8515625 0.01875 0.05078125 
2 0.5671875 0.8953125 0.04296875 0.0609375 
2 0.67578125 0.878125 0.0265625 0.05 
2 0.80390625 0.85859375 0.02578125 0.04609375 
2 0.35546875 0.91484375 0.078125 0.06328125 
2 0.834375 0.8609375 0.05234375 0.06875 
2 0.6109375 0.88984375 0.0734375 0.0796875 
2 0.7015625 0.8796875 0.05546875 0.06328125 
2 0.1859375 0.94609375 0.19453125 0.10390625 
2 0.76796875 0.86640625 0.05390625 0.0703125 
17 0.0921875 0.81640625 0.01171875 0.05390625 
