2 0.0921875 0.81953125 0.01953125 0.03125 
2 0.71640625 0.91796875 0.053125 0.15625 
7 0.68984375 0.66328125 0.02890625 0.015625 
2 0.259375 0.8390625 0.0328125 0.0296875 
2 0.0078125 0.88984375 0.015625 0.1390625 
2 0.33046875 0.83125 0.02578125 0.03046875 
2 0.43671875 0.871875 0.040625 0.078125 
7 0.7703125 0.659375 0.02890625 0.01328125 
2 0.20390625 0.828125 0.028125 0.03125 
2 0.66640625 0.89453125 0.09609375 0.15390625 
2 0.9234375 0.8953125 0.153125 0.20546875 
2 0.3515625 0.84296875 0.03671875 0.04453125 
2 0.78984375 0.915625 0.15546875 0.16484375 
2 0.296875 0.86171875 0.05078125 0.05703125 
2 0.52890625 0.91015625 0.253125 0.1796875 
