2 0.4078125 0.85390625 0.02421875 0.040625 
2 0.3390625 0.85390625 0.01640625 0.034375 
2 0.00859375 0.89296875 0.01640625 0.1296875 
2 0.3203125 0.85703125 0.0234375 0.02578125 
7 0.3296875 0.64765625 0.02109375 0.01953125 
2 0.3734375 0.89375 0.08828125 0.13828125 
2 0.478125 0.92109375 0.259375 0.15703125 
2 0.23984375 0.921875 0.24375 0.15390625 
2 0.084375 0.903125 0.16875 0.1890625 
15 0.25703125 0.65546875 0.03046875 0.01953125 
7 0.41484375 0.7421875 0.01796875 0.0109375 
7 0.46328125 0.73984375 0.01796875 0.009375 
