2 0.35546875 0.8703125 0.02578125 0.028125 
2 0.4578125 0.8609375 0.025 0.0359375 
2 0.3328125 0.87421875 0.0265625 0.0296875 
2 0.81015625 0.85546875 0.0484375 0.06953125 
2 0.24609375 0.88046875 0.03515625 0.04375 
2 0.99140625 0.81171875 0.0171875 0.04296875 
2 0.94765625 0.82109375 0.0453125 0.04921875 
2 0.58125 0.86640625 0.021875 0.04921875 
2 0.02890625 0.88515625 0.05703125 0.08125 
2 0.7671875 0.859375 0.02890625 0.0484375 
2 0.96171875 0.859375 0.0578125 0.08828125 
2 0.109375 0.878125 0.05078125 0.03828125 
2 0.19765625 0.878125 0.04765625 0.0515625 
2 0.40703125 0.865625 0.02890625 0.03046875 
2 0.29375 0.87578125 0.03359375 0.03671875 
2 0.978125 0.8921875 0.04375 0.17890625 
2 0.48046875 0.92734375 0.26953125 0.1453125 
2 0.8765625 0.9125 0.15546875 0.146875 
2 0.7171875 0.9171875 0.14921875 0.1640625 
6 0.68203125 0.72578125 0.0203125 0.01015625 
6 0.63828125 0.7296875 0.0203125 0.01015625 
