0 0.20234375 0.865625 0.0078125 0.05390625 
2 0.77265625 0.85 0.04140625 0.05546875 
2 0.3796875 0.85859375 0.01953125 0.03125 
2 0.48203125 0.85625 0.02578125 0.03046875 
2 0.74609375 0.8359375 0.02421875 0.025 
2 0.80546875 0.846875 0.0359375 0.05 
2 0.35703125 0.8625 0.02734375 0.03046875 
2 0.884375 0.81796875 0.03359375 0.03125 
2 0.0078125 0.85859375 0.01484375 0.0390625 
2 0.15078125 0.86796875 0.04609375 0.04296875 
2 0.63046875 0.84453125 0.071875 0.140625 
2 0.4421875 0.85546875 0.01953125 0.0296875 
2 0.9359375 0.853125 0.08046875 0.08671875 
2 0.68828125 0.8640625 0.05 0.06640625 
2 0.58515625 0.8609375 0.02109375 0.05 
2 0.52578125 0.8890625 0.06875 0.09609375 
2 0.721875 0.85703125 0.03984375 0.05078125 
2 0.85 0.8953125 0.140625 0.15 
