2 0.77265625 0.83359375 0.015625 0.021875 
2 0.24140625 0.8796875 0.02890625 0.040625 
6 0.546875 0.7453125 0.01171875 0.01328125 
5 0.26015625 0.85546875 0.02734375 0.08515625 
6 0.50703125 0.7484375 0.01328125 0.0140625 
2 0.484375 0.86796875 0.021875 0.03984375 
2 0.5671875 0.86328125 0.02578125 0.03671875 
2 0.590625 0.8578125 0.02109375 0.03203125 
2 0.44609375 0.85703125 0.05546875 0.1140625 
2 0.12265625 0.8890625 0.06875 0.06328125 
2 0.7203125 0.88203125 0.07421875 0.08046875 
2 0.52265625 0.89765625 0.06796875 0.096875 
