2 0.57890625 0.86171875 0.01953125 0.04296875 
2 0.53046875 0.8765625 0.13671875 0.10859375 
2 0.428125 0.8640625 0.02421875 0.03125 
2 0.85390625 0.8515625 0.075 0.09609375 
2 0.65078125 0.85234375 0.02734375 0.03046875 
2 0.59453125 0.8578125 0.021875 0.03046875 
2 0.24765625 0.8765625 0.0265625 0.03203125 
2 0.3828125 0.86953125 0.0296875 0.03203125 
2 0.990625 0.8109375 0.01875 0.04140625 
2 0.4046875 0.865625 0.02578125 0.03046875 
2 0.33203125 0.8734375 0.02890625 0.03125 
2 0.6171875 0.85546875 0.0265625 0.03515625 
2 0.93984375 0.83359375 0.090625 0.11328125 
2 0.68515625 0.8578125 0.0328125 0.04375 
2 0.47578125 0.9296875 0.28984375 0.140625 
2 0.6359375 0.8890625 0.06640625 0.084375 
11 0.68203125 0.72578125 0.0203125 0.01015625 
11 0.63984375 0.7296875 0.021875 0.0109375 
