2 0.27734375 0.83359375 0.06640625 0.03828125 
2 0.34765625 0.84453125 0.02109375 0.0203125 
7 0.275 0.65390625 0.03125 0.01640625 
7 0.346875 0.65078125 0.02890625 0.01875 
2 0.21953125 0.85234375 0.02421875 0.04375 
2 0.39453125 0.8765625 0.07265625 0.121875 
2 0.059375 0.878125 0.07421875 0.1140625 
2 0.028125 0.91953125 0.05625 0.1609375 
2 0.65625 0.8765625 0.0796875 0.0953125 
2 0.1546875 0.89453125 0.1484375 0.175 
2 0.490625 0.9140625 0.18125 0.1703125 
2 0.30078125 0.91640625 0.184375 0.16328125 
7 0.4203125 0.734375 0.01796875 0.00859375 
7 0.46640625 0.7328125 0.0171875 0.01171875 
