2 0.32578125 0.8625 0.0421875 0.0265625 
2 0.640625 0.8984375 0.0484375 0.103125 
2 0.48515625 0.8546875 0.02734375 0.03125 
2 0.759375 0.86953125 0.03359375 0.05390625 
2 0.61796875 0.88125 0.03203125 0.07421875 
11 0.67890625 0.69609375 0.025 0.0140625 
2 0.01875 0.9171875 0.03671875 0.165625 
2 0.8140625 0.878125 0.09296875 0.1015625 
2 0.23671875 0.89453125 0.0640625 0.08125 
2 0.44375 0.865625 0.03828125 0.08359375 
2 0.7109375 0.921875 0.12421875 0.1484375 
2 0.36640625 0.8734375 0.04296875 0.05 
2 0.884375 0.915625 0.22890625 0.1609375 
2 0.52421875 0.92578125 0.25234375 0.1484375 
2 0.278125 0.93203125 0.1859375 0.1359375 
11 0.75 0.68984375 0.0234375 0.01015625 
