2 0.37421875 0.865625 0.03046875 0.0390625 
2 0.70078125 0.8640625 0.02265625 0.046875 
2 0.45234375 0.8640625 0.02421875 0.03203125 
2 0.68984375 0.859375 0.025 0.03984375 
2 0.9921875 0.8109375 0.015625 0.040625 
2 0.96328125 0.81171875 0.0359375 0.028125 
2 0.3203125 0.87734375 0.034375 0.03984375 
2 0.5796875 0.85390625 0.01640625 0.0265625 
2 0.73359375 0.8734375 0.07265625 0.08671875 
2 0.40390625 0.865625 0.03046875 0.03125 
2 0.5953125 0.86953125 0.03359375 0.053125 
2 0.65625 0.86015625 0.034375 0.05546875 
2 0.63046875 0.896875 0.07421875 0.1 
2 0.478125 0.92421875 0.2875 0.1515625 
2 0.93984375 0.90390625 0.1203125 0.1765625 
2 0.821875 0.91953125 0.27109375 0.1609375 
6 0.6390625 0.7296875 0.0203125 0.0109375 
