2 0.58125 0.85390625 0.0140625 0.02578125 
2 0.35625 0.87265625 0.0140625 0.0265625 
2 0.53046875 0.8703125 0.10234375 0.078125 
2 0.453125 0.86796875 0.0328125 0.03046875 
2 0.4234375 0.86875 0.0359375 0.0359375 
2 0.96796875 0.81953125 0.0296875 0.0390625 
2 0.2421875 0.8765625 0.0328125 0.034375 
4 0.80625 0.93046875 0.07109375 0.13671875 
2 0.94609375 0.825 0.0359375 0.04296875 
2 0.371875 0.871875 0.02109375 0.03359375 
2 0.59765625 0.85859375 0.01796875 0.02578125 
2 0.33125 0.87578125 0.02890625 0.034375 
2 0.40390625 0.86953125 0.0234375 0.03515625 
2 0.61796875 0.85703125 0.0203125 0.025 
2 0.303125 0.875 0.02734375 0.03515625 
2 0.98984375 0.81328125 0.01875 0.04140625 
2 0.57421875 0.8640625 0.02421875 0.03671875 
2 0.6625 0.87109375 0.04296875 0.0546875 
2 0.4796875 0.93203125 0.28046875 0.13515625 
11 0.68203125 0.7265625 0.01796875 0.0109375 
11 0.6390625 0.73046875 0.0203125 0.01015625 
