0 0.1109375 0.86328125 0.00859375 0.05625 
2 0.56875 0.8484375 0.01484375 0.03828125 
2 0.228125 0.88359375 0.03359375 0.0515625 
2 0.86796875 0.83671875 0.0203125 0.03203125 
2 0.3640625 0.86796875 0.01171875 0.02421875 
2 0.52265625 0.8625 0.1296875 0.07890625 
4 0.009375 0.925 0.01796875 0.15 
2 0.46640625 0.85625 0.01953125 0.03046875 
2 0.40703125 0.86328125 0.02421875 0.0296875 
2 0.34609375 0.87109375 0.02109375 0.03203125 
2 0.31953125 0.8703125 0.03359375 0.03671875 
2 0.2125 0.8734375 0.02734375 0.0453125 
2 0.9890625 0.81171875 0.021875 0.04296875 
2 0.85 0.88671875 0.05625 0.11015625 
2 0.25625 0.8875 0.0328125 0.05078125 
2 0.95234375 0.81953125 0.0453125 0.04296875 
2 0.59453125 0.87421875 0.04140625 0.0546875 
2 0.8984375 0.859375 0.06171875 0.0890625 
2 0.4859375 0.9234375 0.25 0.14921875 
2 0.94765625 0.921875 0.1046875 0.15546875 
2 0.77109375 0.91328125 0.2 0.1703125 
6 0.68046875 0.72734375 0.01953125 0.0109375 
6 0.63828125 0.73046875 0.01953125 0.01171875 
