2 0.70078125 0.815625 0.021875 0.028125 
2 0.23125 0.83359375 0.01328125 0.0203125 
2 0.78671875 0.8203125 0.0421875 0.0609375 
2 0.00703125 0.89296875 0.0140625 0.146875 
2 0.20234375 0.8359375 0.034375 0.03671875 
2 0.72734375 0.825 0.03671875 0.0390625 
2 0.3296875 0.85 0.01796875 0.03125 
7 0.68984375 0.6671875 0.02890625 0.01640625 
2 0.66640625 0.90078125 0.09296875 0.16171875 
7 0.7703125 0.6625 0.028125 0.01640625 
2 0.9203125 0.8984375 0.15625 0.19921875 
2 0.284375 0.86796875 0.05390625 0.0609375 
2 0.34765625 0.86640625 0.0515625 0.0703125 
2 0.14375 0.9 0.1234375 0.11484375 
2 0.76015625 0.9203125 0.1640625 0.159375 
2 0.528125 0.91171875 0.25390625 0.17578125 
