0 0.50859375 0.84375 0.00625 0.04609375 
2 0.45078125 0.8640625 0.025 0.03515625 
3 0.2546875 0.8375 0.1671875 0.12109375 
2 0.02578125 0.8515625 0.0234375 0.034375 
2 0.04453125 0.8546875 0.03046875 0.0390625 
2 0.409375 0.85859375 0.09765625 0.0640625 
9 0.746875 0.440625 0.071875 0.03828125 
2 0.61171875 0.85859375 0.09375 0.05546875 
2 0.753125 0.84140625 0.08359375 0.06484375 
2 0.08515625 0.87265625 0.09375 0.0859375 
2 0.91328125 0.8640625 0.109375 0.0984375 
2 0.328125 0.9265625 0.16640625 0.146875 
9 0.5390625 0.7578125 0.01484375 0.0109375 
