11 0.678125 0.69453125 0.02265625 0.01484375 
2 0.64765625 0.90078125 0.053125 0.11640625 
2 0.79375 0.86796875 0.03984375 0.0734375 
2 0.60234375 0.85390625 0.02890625 0.04375 
2 0.8203125 0.884375 0.090625 0.11328125 
2 0.76171875 0.86640625 0.03515625 0.0515625 
2 0.23046875 0.84375 0.03046875 0.02890625 
2 0.43828125 0.8640625 0.034375 0.040625 
2 0.71328125 0.92109375 0.13515625 0.15 
2 0.884375 0.915625 0.23125 0.16171875 
2 0.378125 0.87265625 0.05234375 0.05078125 
2 0.52109375 0.9234375 0.26015625 0.153125 
2 0.2921875 0.88828125 0.06796875 0.0734375 
2 0.165625 0.9125 0.11640625 0.11171875 
11 0.7515625 0.68984375 0.0265625 0.01640625 
