2 0.84140625 0.9015625 0.0625 0.1046875 
2 0.59921875 0.8671875 0.015625 0.06953125 
2 0.63828125 0.8984375 0.0515625 0.11796875 
2 0.6125 0.8765625 0.03515625 0.0953125 
2 0.559375 0.85625 0.0109375 0.02890625 
2 0.11640625 0.8375 0.01875 0.034375 
2 0.28125 0.8515625 0.0390625 0.0359375 
2 0.578125 0.8640625 0.025 0.0640625 
2 0.44375 0.853125 0.040625 0.03125 
2 0.25234375 0.859375 0.04375 0.0453125 
2 0.8859375 0.9140625 0.228125 0.16875 
2 0.01484375 0.9046875 0.0296875 0.14296875 
2 0.728125 0.90625 0.17265625 0.184375 
2 0.52421875 0.89453125 0.08515625 0.13515625 
