2 0.190625 0.86640625 0.02890625 0.0203125 
2 0.4234375 0.88125 0.0140625 0.021875 
2 0.5265625 0.87734375 0.01953125 0.0359375 
2 0.45 0.8765625 0.01328125 0.025 
11 0.3921875 0.68046875 0.03203125 0.01796875 
2 0.36171875 0.89296875 0.071875 0.0734375 
2 0.57265625 0.87421875 0.01796875 0.034375 
2 0.46484375 0.884375 0.02734375 0.0359375 
2 0.55078125 0.8875 0.0375 0.0546875 
2 0.49453125 0.8859375 0.0375 0.05390625 
2 0.178125 0.92734375 0.1046875 0.11953125 
2 0.2953125 0.93671875 0.2625 0.1265625 
2 0.03828125 0.89296875 0.06484375 0.06015625 
2 0.63203125 0.92578125 0.1125 0.14453125 
11 0.48203125 0.675 0.0328125 0.01328125 
