5 0.97890625 0.81953125 0.04140625 0.11171875 
2 0.65234375 0.840625 0.021875 0.06015625 
2 0.3578125 0.878125 0.04921875 0.0515625 
2 0.97890625 0.8203125 0.04140625 0.1109375 
2 0.80546875 0.8328125 0.03828125 0.06015625 
2 0.5046875 0.8484375 0.02421875 0.03359375 
2 0.678125 0.86875 0.0484375 0.1109375 
2 0.74375 0.89140625 0.12421875 0.16328125 
2 0.86015625 0.83359375 0.071875 0.090625 
2 0.59375 0.8609375 0.0578125 0.0890625 
7 0.7625 0.7015625 0.01796875 0.00859375 
7 0.71328125 0.70859375 0.01796875 0.00859375 
