2 0.578125 0.853125 0.025 0.0484375 
2 0.67421875 0.86796875 0.0234375 0.06015625 
2 0.43828125 0.92421875 0.06015625 0.1296875 
2 0.57578125 0.87890625 0.021875 0.0609375 
2 0.54375 0.92578125 0.0796875 0.140625 
2 0.1515625 0.84296875 0.02734375 0.03359375 
2 0.43203125 0.853125 0.0296875 0.03046875 
2 0.60546875 0.87578125 0.03046875 0.08125 
2 0.84140625 0.87421875 0.0765625 0.11484375 
2 0.5421875 0.87109375 0.08046875 0.0953125 
2 0.90859375 0.91171875 0.1796875 0.171875 
2 0.6390625 0.88671875 0.07421875 0.1109375 
2 0.08203125 0.89375 0.1640625 0.209375 
2 0.76015625 0.91328125 0.19453125 0.16640625 
7 0.67734375 0.75 0.015625 0.00859375 
