2 0.484375 0.88203125 0.03984375 0.0609375 
2 0.14375 0.8421875 0.0203125 0.03203125 
2 0.6734375 0.86953125 0.025 0.0640625 
2 0.0546875 0.828125 0.02109375 0.03671875 
2 0.4375 0.92421875 0.0578125 0.1296875 
2 0.57578125 0.88046875 0.02109375 0.05859375 
2 0.54296875 0.92578125 0.08203125 0.14140625 
2 0.84140625 0.8734375 0.078125 0.11171875 
2 0.54140625 0.87109375 0.08046875 0.09453125 
2 0.60546875 0.8765625 0.0296875 0.08203125 
2 0.9078125 0.9109375 0.18125 0.17421875 
2 0.63984375 0.8875 0.071875 0.11171875 
2 0.359375 0.88984375 0.07890625 0.090625 
2 0.2140625 0.878125 0.08046875 0.0796875 
2 0.76015625 0.91328125 0.19453125 0.16640625 
7 0.678125 0.75078125 0.0171875 0.01015625 
