2 0.38203125 0.85859375 0.0265625 0.0296875 
0 0.20234375 0.90546875 0.03125 0.08203125 
2 0.7515625 0.825 0.01796875 0.02421875 
1 0.34453125 0.89921875 0.028125 0.071875 
2 0.8796875 0.83671875 0.01875 0.034375 
2 0.86015625 0.83125 0.0296875 0.0453125 
0 0.72265625 0.84921875 0.0140625 0.05 
4 0.72265625 0.85078125 0.0125 0.04609375 
2 0.7875 0.8734375 0.03515625 0.1 
2 0.69296875 0.8375 0.0296875 0.0359375 
4 0.20234375 0.91015625 0.03203125 0.0796875 
2 0.6546875 0.8375 0.021875 0.03203125 
2 0.43515625 0.865625 0.03046875 0.04296875 
2 0.56484375 0.85390625 0.02421875 0.0390625 
2 0.6 0.8625 0.05 0.0765625 
2 0.82421875 0.8796875 0.09921875 0.121875 
