2 0.1953125 0.84609375 0.0203125 0.02578125 
2 0.67421875 0.87109375 0.025 0.06484375 
2 0.57578125 0.88046875 0.02109375 0.059375 
2 0.14765625 0.84375 0.021875 0.03125 
2 0.54296875 0.9265625 0.08125 0.13984375 
2 0.05625 0.82578125 0.02109375 0.03359375 
2 0.4359375 0.925 0.06015625 0.13359375 
2 0.60546875 0.87734375 0.03046875 0.08203125 
2 0.540625 0.87109375 0.07890625 0.09453125 
2 0.84296875 0.8734375 0.0796875 0.1140625 
2 0.359375 0.87265625 0.0671875 0.0953125 
2 0.909375 0.9109375 0.17890625 0.171875 
2 0.640625 0.8875 0.071875 0.11171875 
2 0.078125 0.890625 0.13046875 0.11484375 
2 0.25625 0.921875 0.1453125 0.1515625 
2 0.76015625 0.91328125 0.19375 0.16640625 
7 0.678125 0.75 0.015625 0.009375 
