2 0.08046875 0.84296875 0.02265625 0.03828125 
2 0.3578125 0.85859375 0.0515625 0.03359375 
2 0.03125 0.8359375 0.0109375 0.04296875 
2 0.0546875 0.83984375 0.0328125 0.0390625 
2 0.653125 0.890625 0.05859375 0.13046875 
2 0.15234375 0.8484375 0.02890625 0.0390625 
2 0.6078125 0.87734375 0.046875 0.0953125 
2 0.8046875 0.84609375 0.025 0.0359375 
2 0.56796875 0.85546875 0.02890625 0.04296875 
2 0.9109375 0.92578125 0.178125 0.1390625 
2 0.8546875 0.87890625 0.09375 0.109375 
2 0.11171875 0.88671875 0.09296875 0.1140625 
2 0.7359375 0.90390625 0.15 0.18984375 
2 0.51875 0.90703125 0.103125 0.16796875 
