7 0.74609375 0.6875 0.0171875 0.015625 
2 0.53828125 0.8421875 0.09765625 0.046875 
2 0.5 0.84296875 0.02265625 0.03828125 
2 0.22890625 0.84296875 0.025 0.03671875 
2 0.78203125 0.8625 0.04453125 0.075 
2 0.2421875 0.84296875 0.0171875 0.03203125 
7 0.67578125 0.690625 0.021875 0.01484375 
2 0.4390625 0.8515625 0.03203125 0.03359375 
2 0.19140625 0.83046875 0.02578125 0.03125 
2 0.61640625 0.87421875 0.02890625 0.071875 
2 0.60234375 0.85 0.028125 0.04453125 
2 0.8078125 0.871875 0.09296875 0.096875 
2 0.9578125 0.903125 0.08203125 0.190625 
2 0.6390625 0.8921875 0.0515625 0.10859375 
2 0.40859375 0.89921875 0.02734375 0.09453125 
2 0.45 0.871875 0.05390625 0.06875 
2 0.875 0.9171875 0.25 0.165625 
2 0.2953125 0.88671875 0.0609375 0.07890625 
2 0.70546875 0.91875 0.11484375 0.15546875 
2 0.52109375 0.9203125 0.2640625 0.159375 
2 0.3578125 0.92109375 0.0984375 0.15078125 
2 0.121875 0.91015625 0.11796875 0.128125 
