2 0.225 0.84140625 0.0234375 0.028125 
2 0.61953125 0.88359375 0.03203125 0.0703125 
2 0.64921875 0.89921875 0.05625 0.11640625 
2 0.50078125 0.8515625 0.025 0.034375 
2 0.3703125 0.8703125 0.02578125 0.04453125 
2 0.60703125 0.85703125 0.03515625 0.04921875 
2 0.81953125 0.88046875 0.09609375 0.109375 
2 0.446875 0.86171875 0.03984375 0.0390625 
2 0.30234375 0.884375 0.16171875 0.228125 
2 0.715625 0.92109375 0.1296875 0.15 
2 0.884375 0.91640625 0.23125 0.15859375 
2 0.5203125 0.92265625 0.25625 0.1546875 
2 0.121875 0.91796875 0.13984375 0.13203125 
11 0.75078125 0.68984375 0.0234375 0.01171875 
11 0.67890625 0.69453125 0.025 0.0140625 
