2 0.31171875 0.875 0.03046875 0.03515625 
2 0.6484375 0.8609375 0.07421875 0.17109375 
2 0.390625 0.8609375 0.01328125 0.0203125 
2 0.36328125 0.871875 0.025 0.02890625 
2 0.98984375 0.88671875 0.01953125 0.15859375 
2 0.98984375 0.80703125 0.01875 0.03203125 
2 0.4390625 0.86484375 0.0265625 0.0296875 
2 0.4609375 0.859375 0.01953125 0.03359375 
2 0.253125 0.88046875 0.03203125 0.046875 
2 0.7859375 0.85390625 0.0328125 0.046875 
2 0.58125 0.86796875 0.02265625 0.046875 
2 0.9515625 0.82265625 0.046875 0.04921875 
2 0.40625 0.865625 0.02578125 0.03046875 
2 0.14296875 0.87890625 0.03515625 0.03515625 
2 0.97890625 0.84453125 0.040625 0.071875 
2 0.48203125 0.92734375 0.2625 0.1453125 
2 0.90390625 0.91796875 0.1703125 0.1546875 
2 0.73359375 0.91640625 0.1671875 0.16640625 
6 0.6390625 0.73125 0.01953125 0.01171875 
6 0.68203125 0.72734375 0.01953125 0.01015625 
