2 0.46328125 0.8390625 0.01875 0.03359375 
4 0.38046875 0.9453125 0.0390625 0.109375 
2 0.2828125 0.846875 0.01171875 0.01875 
2 0.30625 0.846875 0.01328125 0.021875 
2 0.29296875 0.8484375 0.01171875 0.01875 
2 0.4296875 0.84765625 0.0140625 0.03203125 
2 0.2703125 0.8515625 0.01328125 0.02109375 
5 0.715625 0.834375 0.10234375 0.19140625 
2 0.446875 0.85546875 0.0328125 0.04453125 
2 0.2328125 0.86953125 0.03515625 0.0640625 
2 0.20703125 0.88125 0.04609375 0.06796875 
2 0.9265625 0.89765625 0.146875 0.196875 
2 0.1515625 0.884375 0.06953125 0.115625 
2 0.5046875 0.90703125 0.10859375 0.12109375 
2 0.06171875 0.90859375 0.1234375 0.1796875 
