2 0.459375 0.85078125 0.04609375 0.0390625 
7 0.6109375 0.7125 0.025 0.01328125 
2 0.58828125 0.84609375 0.025 0.03359375 
2 0.56484375 0.85234375 0.0265625 0.03046875 
7 0.68125 0.709375 0.02421875 0.01171875 
2 0.39921875 0.853125 0.05234375 0.04453125 
2 0.85703125 0.853125 0.0625 0.0796875 
2 0.625 0.878125 0.03515625 0.08515625 
2 0.60546875 0.86953125 0.028125 0.06484375 
2 0.66328125 0.8875 0.071875 0.1140625 
2 0.8875 0.89296875 0.225 0.2109375 
2 0.47734375 0.92578125 0.26171875 0.1484375 
2 0.7546875 0.91171875 0.16171875 0.171875 
