2 0.44765625 0.87421875 0.03125 0.0390625 
2 0.5953125 0.871875 0.01953125 0.04140625 
2 0.659375 0.859375 0.02265625 0.03671875 
2 0.1359375 0.859375 0.03828125 0.03984375 
2 0.0703125 0.8515625 0.02109375 0.04140625 
2 0.53671875 0.86328125 0.03125 0.04453125 
2 0.68359375 0.85 0.02109375 0.0296875 
5 0.51953125 0.92109375 0.06171875 0.1546875 
2 0.01484375 0.84609375 0.02734375 0.04140625 
2 0.39375 0.86640625 0.0296875 0.03828125 
2 0.5734375 0.8640625 0.01171875 0.028125 
2 0.3421875 0.86875 0.02421875 0.03359375 
2 0.315625 0.86953125 0.04609375 0.03359375 
2 0.74140625 0.853125 0.02734375 0.0296875 
2 0.4609375 0.87421875 0.05 0.04453125 
2 0.6546875 0.875 0.02578125 0.04609375 
2 0.0984375 0.85859375 0.028125 0.04296875 
2 0.915625 0.91875 0.16875 0.159375 
2 0.428125 0.86875 0.02734375 0.03359375 
2 0.5609375 0.86953125 0.02421875 0.040625 
2 0.8671875 0.91171875 0.08828125 0.14921875 
2 0.05078125 0.85390625 0.05234375 0.05 
2 0.790625 0.88203125 0.07734375 0.08359375 
2 0.703125 0.88203125 0.0640625 0.0890625 
2 0.62265625 0.890625 0.0671875 0.08125 
11 0.74453125 0.74765625 0.0171875 0.009375 
11 0.70859375 0.75 0.01640625 0.0109375 
