2 0.45390625 0.88125 0.1734375 0.06640625 
2 0.56953125 0.8484375 0.02421875 0.0234375 
2 0.73671875 0.84921875 0.04921875 0.05 
7 0.60859375 0.71484375 0.01640625 0.01484375 
2 0.45390625 0.859375 0.046875 0.05 
2 0.60625 0.87578125 0.03125 0.06796875 
2 0.63359375 0.88203125 0.04453125 0.09453125 
2 0.93046875 0.89921875 0.1390625 0.2015625 
2 0.6765625 0.896875 0.08828125 0.12421875 
2 0.45078125 0.93046875 0.35390625 0.1390625 
2 0.7953125 0.915625 0.21328125 0.16796875 
7 0.68359375 0.7109375 0.0234375 0.0140625 
