2 0.49609375 0.853125 0.01796875 0.03125 
2 0.5828125 0.83671875 0.01953125 0.028125 
2 0.153125 0.853125 0.0171875 0.028125 
2 0.41796875 0.85625 0.02109375 0.04140625 
2 0.303125 0.846875 0.02578125 0.03125 
2 0.34375 0.85390625 0.021875 0.0234375 
2 0.3796875 0.853125 0.0171875 0.02421875 
2 0.4453125 0.8578125 0.03203125 0.0359375 
2 0.48125 0.85859375 0.03515625 0.04375 
2 0.40390625 0.8671875 0.040625 0.053125 
2 0.525 0.88046875 0.05390625 0.07578125 
2 0.09609375 0.915625 0.17578125 0.15390625 
