2 0.0671875 0.871875 0.02421875 0.0390625 
2 0.35078125 0.884375 0.04453125 0.0796875 
6 0.25 0.6546875 0.021875 0.0203125 
2 0.1515625 0.87421875 0.021875 0.03203125 
2 0.32109375 0.86640625 0.02109375 0.0265625 
2 0.384375 0.865625 0.015625 0.03984375 
2 0.0484375 0.86953125 0.02109375 0.03515625 
2 0.29921875 0.859375 0.02109375 0.01484375 
2 0.68203125 0.87109375 0.03515625 0.05859375 
2 0.11875 0.87578125 0.02890625 0.0359375 
2 0.66484375 0.8734375 0.0640625 0.06796875 
6 0.328125 0.64765625 0.0234375 0.01875 
2 0.0078125 0.86640625 0.015625 0.06640625 
2 0.1921875 0.87890625 0.06953125 0.0765625 
2 0.43359375 0.86640625 0.05078125 0.0515625 
2 0.2546875 0.92578125 0.22421875 0.1484375 
2 0.475 0.92734375 0.246875 0.1453125 
6 0.41015625 0.74765625 0.01953125 0.01015625 
6 0.46015625 0.7453125 0.01953125 0.01171875 
