6 0.353125 0.715625 0.025 0.01484375 
2 0.22734375 0.8765625 0.0796875 0.06484375 
2 0.24765625 0.88125 0.04609375 0.05625 
2 0.4859375 0.86796875 0.02578125 0.03828125 
2 0.2765625 0.884375 0.025 0.034375 
2 0.36640625 0.88046875 0.02421875 0.040625 
2 0.45 0.88828125 0.04609375 0.0609375 
2 0.3953125 0.884375 0.04453125 0.05625 
2 0.11484375 0.9390625 0.22734375 0.12109375 
2 0.21953125 0.9234375 0.11953125 0.134375 
2 0.5171875 0.9265625 0.1203125 0.1453125 
2 0.92265625 0.8796875 0.1296875 0.1515625 
6 0.04921875 0.4109375 0.075 0.03671875 
6 0.42578125 0.71171875 0.0265625 0.01328125 
