2 0.4703125 0.8390625 0.01953125 0.0296875 
2 0.903125 0.83359375 0.01640625 0.028125 
2 0.521875 0.86484375 0.1296875 0.08125 
2 0.31484375 0.8703125 0.01640625 0.03359375 
2 0.0109375 0.9125 0.021875 0.134375 
2 0.96328125 0.81796875 0.03125 0.0390625 
2 0.940625 0.86015625 0.06484375 0.1015625 
2 0.253125 0.87421875 0.02578125 0.03046875 
2 0.3953125 0.86953125 0.03203125 0.03671875 
2 0.92265625 0.8265625 0.028125 0.0390625 
2 0.59296875 0.86015625 0.0375 0.05 
2 0.334375 0.87109375 0.03984375 0.04296875 
2 0.609375 0.88984375 0.0265625 0.08359375 
2 0.98984375 0.8109375 0.0203125 0.040625 
2 0.87421875 0.896875 0.09375 0.1453125 
2 0.4859375 0.92578125 0.25078125 0.1453125 
2 0.96015625 0.92578125 0.0796875 0.146875 
2 0.771875 0.9125 0.20234375 0.1734375 
7 0.63828125 0.7296875 0.01953125 0.01015625 
