2 0.55859375 0.84453125 0.01875 0.0265625 
2 0.509375 0.85 0.0140625 0.03359375 
2 0.46875 0.84921875 0.0171875 0.028125 
2 0.53046875 0.84140625 0.02109375 0.0296875 
2 0.584375 0.84375 0.01875 0.03046875 
2 0.6671875 0.85390625 0.0328125 0.05546875 
4 0.55 0.878125 0.01640625 0.0515625 
2 0.4140625 0.85234375 0.0171875 0.0234375 
2 0.00625 0.89375 0.0125 0.0875 
2 0.49296875 0.8546875 0.03125 0.04296875 
2 0.10234375 0.89453125 0.10078125 0.08671875 
2 0.63515625 0.878125 0.06953125 0.08359375 
