2 0.4125 0.87578125 0.0421875 0.06640625 
2 0.12890625 0.86875 0.04140625 0.05546875 
2 0.05234375 0.8640625 0.04296875 0.05 
2 0.09375 0.86640625 0.05859375 0.05546875 
2 0.6796875 0.90859375 0.10078125 0.1515625 
2 0.58125 0.87578125 0.02265625 0.04453125 
2 0.6140625 0.87265625 0.03828125 0.04140625 
2 0.3765625 0.87578125 0.06328125 0.06796875 
2 0.871875 0.89609375 0.25625 0.2046875 
2 0.5171875 0.9140625 0.14921875 0.16875 
11 0.84921875 0.7015625 0.02578125 0.0125 
11 0.79609375 0.70546875 0.025 0.0125 
