2 0.54453125 0.8359375 0.00859375 0.021875 
2 0.9265625 0.8203125 0.02421875 0.040625 
2 0.82265625 0.8328125 0.040625 0.06171875 
5 0.5296875 0.8296875 0.01953125 0.0484375 
2 0.8375 0.825 0.02265625 0.05 
2 0.56015625 0.84609375 0.015625 0.03359375 
2 0.5296875 0.8296875 0.01953125 0.0484375 
2 0.95078125 0.81171875 0.0671875 0.071875 
2 0.78984375 0.8375 0.09375 0.0734375 
6 0.5421875 0.6359375 0.02578125 0.0203125 
2 0.5765625 0.85078125 0.02890625 0.03984375 
2 0.6109375 0.86640625 0.05546875 0.07421875 
