2 0.7265625 0.84140625 0.01328125 0.0203125 
2 0.60234375 0.85546875 0.03046875 0.04453125 
2 0.215625 0.8640625 0.02265625 0.03125 
2 0.17265625 0.86640625 0.01640625 0.025 
2 0.1984375 0.86015625 0.04609375 0.0390625 
2 0.0234375 0.859375 0.03984375 0.0484375 
2 0.4640625 0.9015625 0.34375 0.19609375 
2 0.78046875 0.871875 0.05390625 0.08203125 
2 0.81875 0.89921875 0.10859375 0.13046875 
2 0.7078125 0.87109375 0.02578125 0.0796875 
2 0.6640625 0.89609375 0.10078125 0.14375 
11 0.78671875 0.71640625 0.02109375 0.009375 
11 0.7421875 0.71875 0.01953125 0.0109375 
