2 0.571875 0.85546875 0.015625 0.03125 
2 0.41796875 0.86015625 0.01484375 0.0203125 
2 0.96953125 0.8609375 0.06015625 0.23828125 
6 0.5734375 0.70546875 0.0171875 0.01484375 
2 0.9375 0.8234375 0.03984375 0.04453125 
2 0.63828125 0.85625 0.03671875 0.05546875 
6 0.571875 0.60703125 0.03203125 0.02265625 
2 0.753125 0.8515625 0.05546875 0.053125 
5 0.9703125 0.865625 0.05703125 0.2390625 
2 0.59453125 0.865625 0.040625 0.06484375 
2 0.6640625 0.89296875 0.08203125 0.1 
2 0.8375 0.91640625 0.23515625 0.16640625 
2 0.50078125 0.909375 0.17109375 0.178125 
