2 0.9203125 0.82890625 0.025 0.0546875 
2 0.42890625 0.8640625 0.02578125 0.03203125 
2 0.3078125 0.86640625 0.01640625 0.02890625 
2 0.3828125 0.871875 0.03046875 0.03359375 
2 0.6203125 0.85703125 0.0296875 0.0453125 
2 0.40546875 0.865625 0.025 0.03046875 
2 0.7703125 0.8515625 0.02890625 0.04375 
2 0.3390625 0.871875 0.02578125 0.03671875 
2 0.99140625 0.81171875 0.0171875 0.04140625 
2 0.590625 0.87109375 0.03828125 0.05859375 
2 0.1046875 0.88359375 0.07109375 0.09140625 
2 0.95703125 0.8203125 0.0484375 0.04453125 
2 0.47734375 0.92421875 0.2890625 0.15078125 
2 0.81796875 0.8984375 0.09609375 0.1234375 
2 0.69921875 0.89375 0.14609375 0.21171875 
6 0.68125 0.72578125 0.0203125 0.0125 
6 0.6390625 0.7296875 0.02109375 0.01015625 
