2 0.38671875 0.890625 0.03046875 0.0890625 
2 0.00703125 0.89296875 0.0140625 0.1453125 
2 0.25859375 0.8765625 0.021875 0.06953125 
7 0.68984375 0.66796875 0.02734375 0.015625 
2 0.20390625 0.83359375 0.03125 0.03359375 
2 0.31875 0.84375 0.03359375 0.028125 
2 0.44453125 0.83359375 0.03046875 0.03046875 
7 0.77109375 0.66171875 0.02890625 0.0171875 
2 0.23359375 0.88046875 0.06640625 0.0765625 
2 0.6671875 0.90078125 0.09453125 0.15859375 
2 0.921875 0.896875 0.15625 0.2 
2 0.78046875 0.91953125 0.178125 0.15703125 
2 0.5296875 0.9125 0.25078125 0.175 
2 0.3359375 0.91953125 0.13203125 0.1546875 
