2 0.67421875 0.84375 0.01640625 0.02890625 
2 0.32265625 0.86171875 0.02109375 0.03046875 
2 0.559375 0.85078125 0.01953125 0.02890625 
2 0.25 0.90390625 0.03046875 0.07421875 
2 0.5859375 0.85078125 0.0140625 0.028125 
2 0.5375 0.8578125 0.01796875 0.03203125 
2 0.4046875 0.8703125 0.025 0.03359375 
2 0.7484375 0.871875 0.071875 0.11796875 
2 0.51328125 0.86640625 0.0375 0.05546875 
2 0.43203125 0.8734375 0.03046875 0.0390625 
2 0.28984375 0.90703125 0.09453125 0.11953125 
2 0.6125 0.86875 0.053125 0.08046875 
