2 0.40859375 0.86328125 0.0234375 0.03359375 
2 0.52890625 0.84453125 0.01171875 0.01875 
2 0.54921875 0.84609375 0.00859375 0.02109375 
6 0.6265625 0.67265625 0.02265625 0.01484375 
2 0.64140625 0.85078125 0.021875 0.02890625 
2 0.35546875 0.865625 0.02421875 0.03359375 
2 0.56171875 0.8484375 0.02265625 0.03984375 
2 0.2203125 0.88125 0.05234375 0.0546875 
6 0.54609375 0.67890625 0.02109375 0.01640625 
2 0.2921875 0.87421875 0.04609375 0.0609375 
2 0.02109375 0.9109375 0.0421875 0.159375 
16 0.48828125 0.75546875 0.0078125 0.03125 
