2 0.8328125 0.84921875 0.025 0.03046875 
2 0.4359375 0.921875 0.05703125 0.13515625 
2 0.57578125 0.86171875 0.0234375 0.05390625 
2 0.19453125 0.84609375 0.02265625 0.02890625 
2 0.67578125 0.86484375 0.02109375 0.05546875 
2 0.54140625 0.9265625 0.08359375 0.14140625 
2 0.60625 0.87734375 0.02890625 0.08203125 
2 0.87578125 0.890625 0.05625 0.10390625 
2 0.853125 0.8625 0.059375 0.065625 
2 0.540625 0.8703125 0.08515625 0.09609375 
2 0.39296875 0.8609375 0.03671875 0.040625 
2 0.9078125 0.91171875 0.18125 0.171875 
2 0.640625 0.8875 0.07109375 0.11171875 
2 0.06953125 0.92109375 0.1375 0.15546875 
2 0.32734375 0.87109375 0.065625 0.0859375 
2 0.134375 0.90390625 0.12109375 0.1640625 
2 0.7609375 0.9140625 0.196875 0.16484375 
