2 0.98359375 0.8296875 0.0234375 0.0515625 
2 0.78671875 0.82890625 0.01875 0.0359375 
2 0.44609375 0.884375 0.02265625 0.0453125 
2 0.4234375 0.86328125 0.01796875 0.03203125 
2 0.64375 0.83359375 0.01484375 0.02421875 
2 0.45859375 0.87109375 0.028125 0.05078125 
2 0.89453125 0.86953125 0.0375 0.11640625 
4 0.80546875 0.84453125 0.0125 0.040625 
2 0.73828125 0.834375 0.01015625 0.02421875 
4 0.4453125 0.8859375 0.0234375 0.04609375 
2 0.74765625 0.8359375 0.01328125 0.03046875 
2 0.61171875 0.84921875 0.015625 0.028125 
2 0.7015625 0.83359375 0.01796875 0.0296875 
4 0.59296875 0.88203125 0.015625 0.05 
2 0.76328125 0.83671875 0.025 0.03359375 
2 0.7203125 0.8359375 0.0203125 0.0359375 
2 0.87734375 0.83828125 0.0453125 0.0609375 
2 0.628125 0.85546875 0.0328125 0.04453125 
2 0.55546875 0.865625 0.03984375 0.046875 
2 0.6734375 0.86640625 0.059375 0.09375 
2 0.93828125 0.86953125 0.1140625 0.134375 
