2 0.36328125 0.84921875 0.01875 0.028125 
2 0.4234375 0.8515625 0.01640625 0.0265625 
2 0.3140625 0.8453125 0.0171875 0.02421875 
7 0.7609375 0.7046875 0.02109375 0.01015625 
2 0.37578125 0.85390625 0.03203125 0.0296875 
2 0.66484375 0.89140625 0.02734375 0.1 
2 0.6453125 0.87421875 0.04296875 0.0890625 
2 0.4015625 0.846875 0.02578125 0.03515625 
2 0.89453125 0.86640625 0.053125 0.0703125 
2 0.21796875 0.89296875 0.06640625 0.0765625 
2 0.57265625 0.90390625 0.08671875 0.12890625 
2 0.97578125 0.88203125 0.0484375 0.14375 
2 0.7140625 0.9015625 0.09453125 0.165625 
2 0.41171875 0.87890625 0.046875 0.06796875 
2 0.83359375 0.91953125 0.2265625 0.1609375 
7 0.7 0.71015625 0.02265625 0.0125 
