2 0.07265625 0.83671875 0.021875 0.034375 
2 0.09375 0.83828125 0.0359375 0.0390625 
2 0.2625 0.8515625 0.02109375 0.0359375 
2 0.434375 0.85546875 0.0234375 0.02890625 
2 0.39140625 0.85546875 0.01796875 0.03046875 
2 0.5625 0.85703125 0.01484375 0.034375 
2 0.41484375 0.85546875 0.04765625 0.03125 
2 0.5875 0.8640625 0.01953125 0.06484375 
2 0.96953125 0.87890625 0.0609375 0.146875 
2 0.6 0.871875 0.0375 0.0859375 
2 0.640625 0.88203125 0.04921875 0.11796875 
2 0.47421875 0.8515625 0.028125 0.04375 
2 0.703125 0.903125 0.115625 0.1703125 
2 0.5203125 0.89765625 0.09765625 0.15625 
2 0.8609375 0.9203125 0.278125 0.159375 
2 0.171875 0.8734375 0.06484375 0.09375 
