2 0.85859375 0.8734375 0.0546875 0.084375 
2 0.9828125 0.86953125 0.034375 0.13515625 
2 0.60546875 0.88125 0.05 0.078125 
11 0.76953125 0.57265625 0.04375 0.0265625 
2 0.0390625 0.828125 0.02265625 0.0296875 
2 0.00859375 0.8203125 0.015625 0.02578125 
2 0.68828125 0.91171875 0.11953125 0.171875 
2 0.08125 0.84453125 0.04140625 0.04609375 
11 0.9 0.56328125 0.04375 0.02578125 
2 0.78046875 0.8421875 0.03515625 0.0453125 
2 0.82890625 0.87421875 0.028125 0.08046875 
2 0.4296875 0.9203125 0.190625 0.159375 
2 0.33046875 0.915625 0.11484375 0.1609375 
2 0.75078125 0.88046875 0.03984375 0.09921875 
2 0.1125 0.840625 0.03828125 0.040625 
2 0.91328125 0.91953125 0.1734375 0.16015625 
