2 0.36640625 0.86171875 0.0234375 0.02890625 
2 0.38671875 0.85546875 0.0171875 0.0296875 
6 0.6171875 0.55078125 0.021875 0.02578125 
2 0.98046875 0.9171875 0.0390625 0.165625 
2 0.16171875 0.88828125 0.07421875 0.109375 
2 0.40703125 0.85859375 0.021875 0.03046875 
2 0.675 0.85390625 0.03515625 0.03984375 
6 0.6921875 0.55 0.0375 0.02578125 
2 0.56328125 0.85 0.0171875 0.03515625 
6 0.55390625 0.56015625 0.0390625 0.0265625 
2 0.62734375 0.8640625 0.05546875 0.0796875 
2 0.52890625 0.88203125 0.0640625 0.10546875 
16 0.4640625 0.71171875 0.0125 0.05078125 
