2 0.640625 0.8625 0.01171875 0.03203125 
2 0.59765625 0.85703125 0.01171875 0.025 
2 0.6125 0.85625 0.01640625 0.04140625 
4 0.71875 0.87109375 0.01484375 0.0453125 
2 0.5796875 0.859375 0.02421875 0.0390625 
2 0.47734375 0.86953125 0.015625 0.03359375 
2 0.54609375 0.8734375 0.028125 0.065625 
4 0.69453125 0.89609375 0.0234375 0.075 
2 0.51796875 0.90078125 0.07890625 0.10546875 
2 0.6265625 0.859375 0.03046875 0.03828125 
2 0.915625 0.9046875 0.09375 0.171875 
2 0.67109375 0.85859375 0.03515625 0.046875 
2 0.43359375 0.865625 0.01796875 0.0265625 
2 0.40390625 0.86953125 0.01953125 0.025 
2 0.30390625 0.8859375 0.034375 0.04296875 
2 0.0546875 0.9359375 0.1078125 0.128125 
2 0.36875 0.89296875 0.06015625 0.08515625 
2 0.2515625 0.90625 0.08046875 0.0984375 
