0 0.8609375 0.834375 0.01171875 0.04296875 
2 0.71484375 0.8265625 0.01171875 0.0265625 
2 0.2140625 0.93515625 0.05234375 0.10703125 
4 0.8609375 0.83671875 0.009375 0.03671875 
2 0.675 0.84921875 0.01796875 0.046875 
4 0.2140625 0.93828125 0.05234375 0.1015625 
2 0.68984375 0.834375 0.01796875 0.034375 
2 0.82265625 0.828125 0.025 0.040625 
2 0.6546875 0.8546875 0.0296875 0.05 
2 0.41640625 0.859375 0.028125 0.0296875 
2 0.7984375 0.83359375 0.02578125 0.0390625 
2 0.5875 0.853125 0.02265625 0.03671875 
2 0.99140625 0.87734375 0.015625 0.115625 
2 0.61171875 0.8515625 0.0234375 0.040625 
2 0.54140625 0.865625 0.03671875 0.04296875 
2 0.29375 0.89453125 0.08984375 0.090625 
2 0.9234375 0.83515625 0.05625 0.0609375 
2 0.48203125 0.89453125 0.08125 0.090625 
2 0.74765625 0.8796875 0.0875 0.1390625 
