2 0.70625 0.8375 0.01953125 0.0265625 
2 0.48203125 0.84609375 0.03046875 0.04453125 
2 0.42421875 0.84609375 0.0375 0.04375 
2 0.5890625 0.8609375 0.05703125 0.1015625 
2 0.8046875 0.83046875 0.02421875 0.03125 
2 0.84296875 0.82109375 0.0359375 0.04609375 
2 0.96875 0.84609375 0.0625 0.1203125 
2 0.9703125 0.90703125 0.059375 0.1859375 
2 0.65625 0.84140625 0.05078125 0.06953125 
2 0.7734375 0.87734375 0.0984375 0.1140625 
11 0.75390625 0.7453125 0.01484375 0.00859375 
11 0.79375 0.7421875 0.015625 0.00703125 
