2 0.13515625 0.8609375 0.0171875 0.0296875 
2 0.92421875 0.80625 0.0234375 0.025 
2 0.76015625 0.84609375 0.0296875 0.0453125 
2 0.96484375 0.7984375 0.0140625 0.0296875 
5 0.62265625 0.840625 0.059375 0.1265625 
2 0.221875 0.83515625 0.00859375 0.08125 
2 0.40546875 0.8546875 0.015625 0.028125 
2 0.1125 0.865625 0.02421875 0.034375 
2 0.7328125 0.8453125 0.03046875 0.04609375 
2 0.6234375 0.8390625 0.0609375 0.125 
2 0.70625 0.83671875 0.01640625 0.02578125 
2 0.58359375 0.85546875 0.01953125 0.040625 
2 0.6953125 0.8484375 0.0234375 0.04375 
2 0.8765625 0.84609375 0.0625 0.075 
2 0.15078125 0.8640625 0.03671875 0.03515625 
2 0.53515625 0.87421875 0.053125 0.07421875 
2 0.675 0.85859375 0.0453125 0.05546875 
2 0.81015625 0.89375 0.115625 0.14140625 
