2 0.96484375 0.81328125 0.0328125 0.03203125 
2 0.1859375 0.87890625 0.03515625 0.03515625 
2 0.99453125 0.84375 0.009375 0.078125 
2 0.53125 0.88359375 0.13515625 0.12578125 
2 0.45546875 0.859375 0.02109375 0.03828125 
2 0.30234375 0.878125 0.02265625 0.0265625 
2 0.10859375 0.8890625 0.07578125 0.07578125 
2 0.9921875 0.80703125 0.015625 0.03203125 
2 0.90625 0.91796875 0.18515625 0.1453125 
2 0.13671875 0.8734375 0.0265625 0.04453125 
2 0.24375 0.88046875 0.03515625 0.04296875 
2 0.40625 0.865625 0.02890625 0.03125 
2 0.72578125 0.8734375 0.034375 0.07578125 
2 0.3296875 0.8765625 0.0328125 0.04140625 
2 0.7765625 0.85390625 0.04296875 0.06328125 
2 0.903125 0.86171875 0.06015625 0.075 
2 0.4765625 0.925 0.275 0.15 
2 0.81484375 0.90390625 0.11328125 0.12109375 
2 0.6828125 0.9140625 0.11328125 0.1546875 
6 0.6390625 0.728125 0.01953125 0.00859375 
6 0.68125 0.72578125 0.0203125 0.01015625 
