2 0.3859375 0.90703125 0.0296875 0.0703125 
0 0.1296875 0.884375 0.00703125 0.0546875 
6 0.3046875 0.64140625 0.034375 0.01953125 
2 0.3875 0.88203125 0.0359375 0.05546875 
2 0.20390625 0.878125 0.02578125 0.02578125 
2 0.08359375 0.884375 0.03984375 0.04453125 
2 0.69140625 0.87421875 0.0734375 0.071875 
2 0.253125 0.8890625 0.025 0.06328125 
2 0.1609375 0.88046875 0.0375 0.0359375 
2 0.2828125 0.89453125 0.05703125 0.09453125 
2 0.0453125 0.89921875 0.0890625 0.16484375 
2 0.484375 0.9265625 0.21640625 0.1390625 
2 0.32421875 0.9296875 0.1265625 0.140625 
6 0.221875 0.646875 0.03671875 0.015625 
6 0.40078125 0.7484375 0.01875 0.01328125 
6 0.453125 0.74765625 0.01875 0.00859375 
