5 0.29921875 0.86171875 0.025 0.03984375 
2 0.45 0.890625 0.02265625 0.04453125 
2 0.38203125 0.87578125 0.02265625 0.05 
2 0.4375 0.88203125 0.0203125 0.03203125 
2 0.84375 0.98046875 0.04140625 0.034375 
2 0.3 0.86171875 0.0234375 0.0390625 
2 0.32265625 0.8703125 0.01484375 0.021875 
2 0.165625 0.87890625 0.07421875 0.0609375 
2 0.40859375 0.8765625 0.02265625 0.04140625 
2 0.36953125 0.890625 0.03359375 0.0515625 
2 0.04609375 0.8953125 0.0921875 0.090625 
2 0.51328125 0.9171875 0.14453125 0.16171875 
