2 0.353125 0.8390625 0.01484375 0.0296875 
2 0.65234375 0.840625 0.03125 0.03828125 
2 0.6359375 0.83984375 0.02265625 0.0390625 
2 0.59140625 0.84296875 0.01953125 0.03984375 
2 0.44453125 0.8515625 0.009375 0.01875 
2 0.41328125 0.8453125 0.01328125 0.028125 
2 0.42890625 0.846875 0.01484375 0.03046875 
6 0.35234375 0.646875 0.02734375 0.0203125 
2 0.40390625 0.86171875 0.01796875 0.06484375 
2 0.61328125 0.859375 0.04765625 0.06640625 
2 0.06484375 0.915625 0.1296875 0.1609375 
2 0.37734375 0.865625 0.05546875 0.09375 
2 0.31171875 0.88046875 0.09296875 0.12421875 
2 0.534375 0.90703125 0.125 0.18359375 
6 0.55078125 0.73515625 0.0203125 0.01171875 
6 0.4984375 0.7375 0.01953125 0.01171875 
