2 0.34375 0.8296875 0.02734375 0.03359375 
2 0.1578125 0.82578125 0.0109375 0.025 
2 0.50859375 0.83359375 0.02734375 0.0390625 
2 0.5640625 0.8359375 0.03828125 0.0484375 
2 0.6265625 0.834375 0.0296875 0.053125 
2 0.00546875 0.8609375 0.0109375 0.08125 
2 0.43359375 0.83125 0.03984375 0.0390625 
2 0.6421875 0.834375 0.0421875 0.05625 
2 0.24296875 0.82578125 0.01171875 0.0234375 
2 0.52890625 0.8359375 0.03671875 0.04296875 
2 0.5890625 0.84296875 0.03046875 0.03984375 
2 0.66640625 0.83828125 0.03828125 0.053125 
2 0.1515625 0.8375 0.01796875 0.034375 
2 0.7390625 0.83828125 0.0453125 0.0640625 
2 0.0578125 0.8265625 0.0265625 0.03203125 
2 0.68671875 0.84140625 0.040625 0.0546875 
2 0.7140625 0.8390625 0.0421875 0.05859375 
2 0.8390625 0.8328125 0.10625 0.0953125 
2 0.10625 0.84296875 0.02734375 0.04921875 
2 0.13359375 0.84140625 0.02578125 0.0390625 
2 0.78203125 0.82890625 0.07421875 0.096875 
2 0.9046875 0.83203125 0.034375 0.09453125 
2 0.2609375 0.83828125 0.02890625 0.0390625 
2 0.0359375 0.85390625 0.05703125 0.0734375 
2 0.971875 0.81953125 0.05625 0.11484375 
2 0.0796875 0.8484375 0.03671875 0.05859375 
2 0.315625 0.9109375 0.10859375 0.17109375 
