2 0.02265625 0.82265625 0.04453125 0.05078125 
2 0.3046875 0.83203125 0.059375 0.08046875 
7 0.56640625 0.71796875 0.0125 0.01328125 
2 0.084375 0.84453125 0.03671875 0.04453125 
2 0.00625 0.859375 0.0125 0.0890625 
2 0.096875 0.81796875 0.0328125 0.04453125 
7 0.5453125 0.68828125 0.01328125 0.015625 
7 0.50703125 0.6890625 0.01484375 0.01484375 
2 0.03046875 0.85625 0.05859375 0.0859375 
2 0.246875 0.8921875 0.2 0.215625 
2 0.41796875 0.85703125 0.05390625 0.09140625 
2 0.4984375 0.90234375 0.17109375 0.18828125 
