2 0.5703125 0.84140625 0.0171875 0.0203125 
2 0.26953125 0.8625 0.01484375 0.03203125 
2 0.54140625 0.84609375 0.0234375 0.03359375 
2 0.3578125 0.853125 0.01640625 0.05390625 
2 0.41484375 0.8484375 0.01796875 0.03359375 
2 0.33984375 0.853125 0.03984375 0.05859375 
2 0.48984375 0.86875 0.02265625 0.05859375 
2 0.50625 0.84296875 0.01640625 0.0296875 
2 0.25234375 0.85625 0.02578125 0.05 
6 0.59375 0.4390625 0.06953125 0.034375 
2 0.11484375 0.89453125 0.10546875 0.11328125 
2 0.45234375 0.91640625 0.096875 0.1609375 
17 0.93671875 0.68203125 0.02578125 0.1 
