2 0.31953125 0.8453125 0.0203125 0.028125 
2 0.25625 0.85546875 0.02265625 0.03125 
2 0.4078125 0.85703125 0.0171875 0.03203125 
2 0.33125 0.84453125 0.021875 0.03046875 
2 0.4 0.85390625 0.01640625 0.03203125 
2 0.43359375 0.8671875 0.04453125 0.07109375 
2 0.36640625 0.84765625 0.02109375 0.03046875 
2 0.17734375 0.86171875 0.040625 0.03359375 
2 0.54453125 0.925 0.17109375 0.14609375 
15 0.41171875 0.75 0.0140625 0.009375 
17 0.6015625 0.79453125 0.00625 0.02890625 
6 0.44765625 0.74921875 0.0140625 0.009375 
