2 0.00625 0.81796875 0.0125 0.0890625 
15 0.67734375 0.54296875 0.03046875 0.01953125 
2 0.63515625 0.75546875 0.01953125 0.03046875 
2 0.5328125 0.775 0.0203125 0.04296875 
2 0.06953125 0.75 0.0359375 0.04296875 
2 0.50546875 0.76796875 0.01640625 0.03515625 
2 0.4265625 0.78046875 0.05703125 0.0515625 
2 0.54140625 0.771875 0.01875 0.03671875 
2 0.02421875 0.80703125 0.04765625 0.08984375 
2 0.3328125 0.78359375 0.05546875 0.05078125 
7 0.59609375 0.54609375 0.0171875 0.01875 
2 0.45703125 0.77578125 0.02578125 0.04140625 
2 0.58125 0.78125 0.03203125 0.053125 
2 0.478125 0.7765625 0.02734375 0.0390625 
2 0.51796875 0.78203125 0.034375 0.05546875 
2 0.14921875 0.8234375 0.05234375 0.09453125 
2 0.2859375 0.7859375 0.06015625 0.0515625 
2 0.63125 0.8046875 0.08984375 0.08359375 
2 0.08046875 0.8421875 0.11328125 0.1234375 
