2 0.521875 0.81953125 0.0140625 0.03203125 
2 0.47734375 0.83515625 0.01640625 0.03359375 
6 0.43828125 0.59140625 0.02890625 0.0234375 
2 0.503125 0.84375 0.02734375 0.04921875 
6 0.5265625 0.58359375 0.03125 0.02421875 
2 0.2859375 0.8703125 0.04296875 0.059375 
2 0.346875 0.86640625 0.05078125 0.06328125 
2 0.4671875 0.86328125 0.03203125 0.059375 
2 0.54140625 0.88671875 0.071875 0.1234375 
2 0.6375 0.8703125 0.06875 0.1 
2 0.4125 0.9015625 0.10234375 0.15546875 
2 0.13984375 0.90390625 0.14296875 0.14375 
