2 0.48359375 0.796875 0.01015625 0.01875 
2 0.503125 0.834375 0.02734375 0.0453125 
2 0.5484375 0.78984375 0.0140625 0.03125 
2 0.52265625 0.80390625 0.0125 0.03359375 
2 0.4953125 0.7984375 0.0109375 0.01953125 
2 0.296875 0.85859375 0.04609375 0.05859375 
2 0.46875 0.8484375 0.03046875 0.0640625 
2 0.25234375 0.88046875 0.08984375 0.09140625 
6 0.40625 0.509375 0.04140625 0.0296875 
6 0.52109375 0.49921875 0.0421875 0.03046875 
2 0.6265625 0.85078125 0.06171875 0.0890625 
2 0.16640625 0.88203125 0.07734375 0.08828125 
2 0.54296875 0.87421875 0.07265625 0.12109375 
2 0.41875 0.88671875 0.09765625 0.146875 
