2 0.44140625 0.84140625 0.028125 0.04375 
0 0.6546875 0.84375 0.009375 0.0796875 
2 0.38203125 0.7875 0.01171875 0.015625 
2 0.36015625 0.796875 0.01640625 0.03671875 
2 0.47734375 0.809375 0.02421875 0.03828125 
2 0.38125 0.8625 0.028125 0.0546875 
2 0.40234375 0.790625 0.01171875 0.028125 
2 0.4125 0.796875 0.01640625 0.03125 
2 0.603125 0.85390625 0.05859375 0.10078125 
2 0.34375 0.86953125 0.06484375 0.08125 
2 0.54296875 0.90859375 0.13984375 0.18125 
2 0.19765625 0.903125 0.2765625 0.19375 
