2 0.671875 0.85859375 0.01640625 0.0296875 
2 0.42109375 0.8734375 0.01328125 0.0234375 
2 0.34609375 0.871875 0.02421875 0.02890625 
2 0.45859375 0.88125 0.0125 0.02109375 
2 0.3953125 0.871875 0.01796875 0.0296875 
2 0.415625 0.8734375 0.01640625 0.03203125 
6 0.55234375 0.746875 0.021875 0.01171875 
2 0.69453125 0.86640625 0.04609375 0.0515625 
2 0.984375 0.84609375 0.03125 0.13359375 
2 0.40859375 0.8796875 0.02421875 0.03359375 
2 0.378125 0.8796875 0.03046875 0.03359375 
2 0.60859375 0.8890625 0.028125 0.07421875 
2 0.34140625 0.90625 0.04375 0.09375 
2 0.2859375 0.90078125 0.1078125 0.14609375 
2 0.64609375 0.90390625 0.07421875 0.09609375 
2 0.16875 0.93046875 0.33203125 0.1390625 
2 0.534375 0.91796875 0.10390625 0.1609375 
6 0.28203125 0.60703125 0.04375 0.02734375 
6 0.490625 0.75 0.02109375 0.01328125 
17 0.7640625 0.79609375 0.00859375 0.02890625 
