2 0.0828125 0.7765625 0.0203125 0.05390625 
2 0.98984375 0.61875 0.0203125 0.0546875 
2 0.02421875 0.74921875 0.025 0.03125 
2 0.0109375 0.8296875 0.021875 0.11875 
2 0.4734375 0.76953125 0.03046875 0.0359375 
2 0.521875 0.78671875 0.028125 0.0484375 
2 0.39921875 0.790625 0.0328125 0.04921875 
2 0.58984375 0.76015625 0.03203125 0.04296875 
2 0.50859375 0.77578125 0.02421875 0.04453125 
2 0.6328125 0.76171875 0.02578125 0.03359375 
2 0.0609375 0.77421875 0.05703125 0.059375 
2 0.42734375 0.79375 0.0703125 0.05 
2 0.16171875 0.8109375 0.05078125 0.08125 
2 0.546875 0.79453125 0.04609375 0.0734375 
2 0.3015625 0.79609375 0.06171875 0.0515625 
2 0.12734375 0.83828125 0.07109375 0.1015625 
2 0.0484375 0.8609375 0.096875 0.14296875 
6 0.6828125 0.5453125 0.02890625 0.01640625 
6 0.60390625 0.54921875 0.03125 0.01796875 
