2 0.49765625 0.8609375 0.021875 0.02578125 
2 0.5234375 0.85 0.02578125 0.03359375 
2 0.6234375 0.8703125 0.025 0.0515625 
2 0.6921875 0.88671875 0.06171875 0.08046875 
2 0.39609375 0.88671875 0.06640625 0.0609375 
2 0.6515625 0.8609375 0.0359375 0.06015625 
2 0.50625 0.90546875 0.03515625 0.08359375 
2 0.46796875 0.89609375 0.08359375 0.09609375 
2 0.275 0.903125 0.1046875 0.09921875 
2 0.56953125 0.91484375 0.1328125 0.1703125 
2 0.0953125 0.92265625 0.190625 0.1546875 
6 0.2828125 0.09375 0.1328125 0.0796875 
