4 0.43984375 0.88203125 0.01796875 0.0265625 
2 0.475 0.8796875 0.01015625 0.01875 
2 0.37265625 0.86484375 0.0265625 0.0296875 
2 0.4015625 0.871875 0.01953125 0.03984375 
2 0.578125 0.878125 0.01484375 0.028125 
0 0.9171875 0.865625 0.01796875 0.11640625 
2 0.6765625 0.92421875 0.06171875 0.140625 
2 0.76171875 0.86171875 0.025 0.04921875 
2 0.78515625 0.8671875 0.04375 0.06953125 
2 0.3875 0.88125 0.0265625 0.0390625 
2 0.365625 0.92890625 0.06875 0.1390625 
2 0.203125 0.921875 0.10234375 0.140625 
2 0.6453125 0.90546875 0.04921875 0.109375 
2 0.7125 0.928125 0.12890625 0.140625 
2 0.30859375 0.928125 0.16171875 0.140625 
2 0.0921875 0.903125 0.184375 0.19375 
2 0.534375 0.91796875 0.09765625 0.1609375 
6 0.16875 0.484375 0.06328125 0.0375 
6 0.553125 0.72578125 0.0234375 0.0125 
17 0.80078125 0.79140625 0.01015625 0.040625 
6 0.4828125 0.72734375 0.02265625 0.01015625 
