2 0.009375 0.81953125 0.01796875 0.08359375 
2 0.07890625 0.7515625 0.03359375 0.04140625 
2 0.49609375 0.7609375 0.01875 0.03046875 
2 0.63671875 0.75390625 0.01796875 0.02890625 
2 0.596875 0.75078125 0.02421875 0.03984375 
2 0.57578125 0.7640625 0.02421875 0.04140625 
2 0.0296875 0.7421875 0.02578125 0.034375 
2 0.4234375 0.78203125 0.0703125 0.05078125 
2 0.615625 0.75703125 0.02265625 0.03046875 
7 0.5953125 0.54609375 0.01796875 0.01875 
2 0.0234375 0.803125 0.04609375 0.08828125 
2 0.5171875 0.778125 0.03359375 0.053125 
2 0.53984375 0.78984375 0.04296875 0.05703125 
2 0.1484375 0.81328125 0.05859375 0.11171875 
2 0.29921875 0.78515625 0.06328125 0.0515625 
2 0.075 0.84140625 0.1203125 0.13203125 
7 0.67890625 0.54375 0.028125 0.01953125 
