2 0.5296875 0.82421875 0.06171875 0.15 
2 0.46875 0.83671875 0.01484375 0.03359375 
2 0.690625 0.8296875 0.0328125 0.0390625 
2 0.72265625 0.81875 0.0265625 0.03359375 
2 0.23359375 0.85546875 0.03046875 0.03671875 
2 0.4859375 0.84140625 0.025 0.05625 
6 0.73828125 0.28359375 0.06640625 0.0453125 
3 0.5296875 0.82421875 0.06171875 0.15 
2 0.41875 0.85 0.02734375 0.03671875 
2 0.390625 0.85625 0.03359375 0.04140625 
2 0.453125 0.84921875 0.0296875 0.03828125 
2 0.0234375 0.846875 0.046875 0.0796875 
2 0.3453125 0.86875 0.04453125 0.05625 
2 0.253125 0.88671875 0.0796875 0.0890625 
2 0.8109375 0.890625 0.18359375 0.21796875 
2 0.10859375 0.9203125 0.21484375 0.159375 
6 0.4875 0.29453125 0.07421875 0.06640625 
