2 0.50390625 0.84296875 0.01328125 0.0234375 
2 0.46171875 0.8546875 0.01484375 0.021875 
6 0.50390625 0.715625 0.015625 0.015625 
2 0.37265625 0.871875 0.02578125 0.04296875 
2 0.4453125 0.85703125 0.0171875 0.0234375 
6 0.46015625 0.72109375 0.01484375 0.015625 
2 0.48671875 0.8515625 0.015625 0.0265625 
2 0.41171875 0.86640625 0.0265625 0.03359375 
2 0.25 0.87109375 0.04453125 0.071875 
2 0.165625 0.89453125 0.08828125 0.096875 
2 0.54921875 0.9 0.084375 0.140625 
2 0.3015625 0.92265625 0.16015625 0.153125 
6 0.51953125 0.76796875 0.01328125 0.01015625 
