2 0.00625 0.92734375 0.0125 0.1453125 
2 0.54765625 0.80859375 0.01171875 0.028125 
2 0.52109375 0.8265625 0.01875 0.03515625 
6 0.45390625 0.64609375 0.02265625 0.02109375 
2 0.44765625 0.846875 0.0203125 0.03203125 
2 0.484375 0.828125 0.015625 0.025 
6 0.525 0.63828125 0.025 0.0203125 
2 0.34921875 0.865625 0.02578125 0.04609375 
2 0.49921875 0.8515625 0.02734375 0.05078125 
2 0.46328125 0.871875 0.03515625 0.06328125 
2 0.30546875 0.8859375 0.0703125 0.08359375 
2 0.64921875 0.8828125 0.08203125 0.115625 
2 0.53984375 0.8921875 0.071875 0.125 
2 0.403125 0.91484375 0.10703125 0.16328125 
