2 0.64453125 0.840625 0.0265625 0.03828125 
2 0.58203125 0.85078125 0.0171875 0.0359375 
2 0.65390625 0.84296875 0.02421875 0.040625 
2 0.78359375 0.84140625 0.02109375 0.03046875 
2 0.253125 0.834375 0.02265625 0.034375 
2 0.4703125 0.83359375 0.0140625 0.01796875 
2 0.0109375 0.86640625 0.021875 0.0890625 
2 0.6265625 0.84140625 0.01953125 0.03046875 
2 0.95859375 0.84140625 0.053125 0.071875 
2 0.409375 0.840625 0.015625 0.02109375 
2 0.38046875 0.85625 0.028125 0.03984375 
2 0.92265625 0.84140625 0.0515625 0.06640625 
2 0.97734375 0.84140625 0.04453125 0.08046875 
2 0.02734375 0.87265625 0.0546875 0.0953125 
2 0.8796875 0.84140625 0.040625 0.0609375 
2 0.75703125 0.84140625 0.04921875 0.04375 
2 0.17265625 0.865625 0.05078125 0.08046875 
2 0.50703125 0.84609375 0.02421875 0.03359375 
2 0.35078125 0.859375 0.046875 0.053125 
2 0.28671875 0.86015625 0.059375 0.0796875 
2 0.21953125 0.86640625 0.08203125 0.09609375 
2 0.08984375 0.878125 0.1296875 0.1296875 
2 0.553125 0.90703125 0.0953125 0.15859375 
