2 0.9859375 0.83046875 0.028125 0.06484375 
6 0.61484375 0.69609375 0.0203125 0.0109375 
6 0.52734375 0.61953125 0.02578125 0.01875 
2 0.34921875 0.91015625 0.04453125 0.17578125 
2 0.6171875 0.8734375 0.053125 0.1 
2 0.0796875 0.81328125 0.0359375 0.053125 
2 0.91796875 0.8109375 0.0296875 0.04453125 
2 0.96328125 0.834375 0.065625 0.075 
2 0.2765625 0.90234375 0.1375 0.1953125 
2 0.096875 0.8921875 0.19375 0.215625 
2 0.5 0.90390625 0.284375 0.19140625 
6 0.5921875 0.62109375 0.03203125 0.01875 
