2 0.6046875 0.86640625 0.025 0.040625 
2 0.26640625 0.85625 0.01015625 0.0203125 
2 0.88359375 0.85703125 0.078125 0.071875 
2 0.9171875 0.85 0.04453125 0.06640625 
2 0.22890625 0.8546875 0.01484375 0.02421875 
6 0.39609375 0.403125 0.07890625 0.0390625 
2 0.03828125 0.85859375 0.02890625 0.04375 
2 0.98125 0.825 0.0375 0.08671875 
6 0.359375 0.66953125 0.02890625 0.0203125 
6 0.58046875 0.3828125 0.08125 0.03984375 
2 0.1078125 0.85859375 0.02265625 0.0359375 
2 0.2859375 0.859375 0.015625 0.02890625 
2 0.0234375 0.88046875 0.046875 0.06640625 
2 0.1578125 0.8625 0.02578125 0.034375 
2 0.25390625 0.859375 0.0203125 0.03046875 
2 0.08125 0.865625 0.03359375 0.04921875 
2 0.39609375 0.91953125 0.10703125 0.15546875 
2 0.309375 0.8890625 0.0546875 0.0703125 
17 0.5140625 0.79375 0.01015625 0.0484375 
