2 0.4515625 0.77890625 0.01328125 0.02109375 
0 0.946875 0.85078125 0.096875 0.29375 
2 0.3421875 0.79375 0.01171875 0.0359375 
2 0.38203125 0.78125 0.01171875 0.01953125 
2 0.94765625 0.8515625 0.1 0.26640625 
2 0.4390625 0.778125 0.01328125 0.0203125 
2 0.36796875 0.78203125 0.0140625 0.02109375 
2 0.79921875 0.78125 0.04609375 0.0703125 
0 0.02890625 0.8453125 0.01328125 0.090625 
2 0.415625 0.778125 0.01484375 0.02421875 
2 0.46953125 0.78671875 0.028125 0.0453125 
2 0.39921875 0.78203125 0.01875 0.028125 
2 0.3078125 0.79609375 0.02421875 0.0359375 
2 0.85 0.79453125 0.06640625 0.0890625 
2 0.328125 0.80390625 0.03359375 0.0484375 
2 0.13828125 0.89140625 0.12890625 0.12421875 
2 0.5703125 0.90859375 0.20078125 0.18125 
15 0.52734375 0.59375 0.03046875 0.015625 
6 0.4640625 0.5984375 0.03203125 0.0171875 
