2 0.56484375 0.8484375 0.01640625 0.0265625 
2 0.48046875 0.85703125 0.0328125 0.05546875 
2 0.6171875 0.8609375 0.0234375 0.03984375 
2 0.44296875 0.85234375 0.01953125 0.03203125 
2 0.3578125 0.86015625 0.02578125 0.028125 
2 0.5859375 0.86796875 0.03828125 0.05390625 
2 0.3921875 0.86640625 0.02578125 0.03359375 
2 0.64140625 0.8953125 0.07734375 0.128125 
2 0.896875 0.8515625 0.10234375 0.13984375 
2 0.26796875 0.89453125 0.07578125 0.09453125 
2 0.72734375 0.91171875 0.1578125 0.171875 
2 0.521875 0.92421875 0.15546875 0.146875 
