2 0.5640625 0.83984375 0.01015625 0.03125 
2 0.45546875 0.84609375 0.015625 0.0265625 
3 0.534375 0.8296875 0.053125 0.1296875 
2 0.30234375 0.859375 0.03125 0.0453125 
2 0.24453125 0.846875 0.01796875 0.03515625 
2 0.1171875 0.84296875 0.0296875 0.04921875 
2 0.534375 0.83125 0.05390625 0.12578125 
2 0.41875 0.85703125 0.02734375 0.0390625 
2 0.43984375 0.85078125 0.021875 0.02890625 
2 0.47421875 0.846875 0.01953125 0.028125 
2 0.496875 0.84453125 0.0234375 0.05 
2 0.39296875 0.86328125 0.03359375 0.04453125 
2 0.66640625 0.88203125 0.084375 0.1359375 
2 0.3375 0.8953125 0.08359375 0.0984375 
2 0.77421875 0.9046875 0.1828125 0.190625 
2 0.16328125 0.89140625 0.13203125 0.15390625 
6 0.63828125 0.56875 0.0359375 0.025 
6 0.5140625 0.58203125 0.0328125 0.02578125 
