2 0.03515625 0.86640625 0.046875 0.03359375 
2 0.29140625 0.859375 0.03125 0.05546875 
2 0.3078125 0.8609375 0.01875 0.03359375 
2 0.3609375 0.85546875 0.01640625 0.02578125 
2 0.43203125 0.8609375 0.02109375 0.03515625 
2 0.33203125 0.865625 0.02578125 0.034375 
2 0.10078125 0.90234375 0.06171875 0.096875 
2 0.40859375 0.86796875 0.0375 0.05859375 
2 0.14921875 0.91640625 0.10703125 0.11328125 
2 0.2609375 0.90859375 0.11328125 0.16328125 
2 0.54140625 0.9125 0.096875 0.16015625 
6 0.534375 0.74921875 0.01875 0.0109375 
