2 0.70625 0.82421875 0.03515625 0.0546875 
2 0.7546875 0.8109375 0.02265625 0.03046875 
2 0.11953125 0.8484375 0.02734375 0.0296875 
2 0.971875 0.8234375 0.05625 0.16015625 
2 0.45234375 0.83984375 0.025 0.0390625 
3 0.5265625 0.834375 0.07578125 0.16171875 
2 0.3828125 0.8453125 0.0234375 0.03125 
2 0.47265625 0.84609375 0.0296875 0.0609375 
2 0.315625 0.85859375 0.0359375 0.05390625 
5 0.971875 0.8234375 0.05625 0.1609375 
2 0.14453125 0.8640625 0.05078125 0.053125 
2 0.73828125 0.8265625 0.04921875 0.05 
2 0.41015625 0.859375 0.04453125 0.05625 
2 0.3515625 0.8640625 0.04921875 0.05703125 
2 0.2765625 0.88046875 0.06953125 0.078125 
2 0.06875 0.91796875 0.13671875 0.1390625 
7 0.53046875 0.7375 0.015625 0.0109375 
7 0.4984375 0.73984375 0.01640625 0.0109375 
