5 0.69140625 0.88046875 0.06875 0.121875 
5 0.3203125 0.86015625 0.07109375 0.1203125 
2 0.31875 0.8609375 0.06640625 0.11953125 
2 0.44375 0.81328125 0.03203125 0.040625 
3 0.54921875 0.83046875 0.175 0.33515625 
2 0.2609375 0.87109375 0.03515625 0.04609375 
3 0.3234375 0.86015625 0.07578125 0.121875 
2 0.69140625 0.88203125 0.06796875 0.11640625 
2 0.653125 0.85859375 0.0203125 0.03671875 
2 0.11640625 0.8671875 0.04140625 0.053125 
2 0.40625 0.88671875 0.02265625 0.0515625 
2 0.37734375 0.89140625 0.05234375 0.059375 
2 0.44296875 0.8859375 0.03515625 0.06484375 
17 0.10078125 0.76796875 0.0109375 0.04921875 
