2 0.96015625 0.83828125 0.0734375 0.08359375 
2 0.24609375 0.8453125 0.01484375 0.021875 
2 0.0828125 0.85546875 0.01484375 0.05 
6 0.39453125 0.24453125 0.10859375 0.0515625 
2 0.34453125 0.85390625 0.01875 0.04453125 
2 0.3171875 0.8390625 0.01484375 0.01875 
2 0.22421875 0.8453125 0.01953125 0.03125 
6 0.3765625 0.6359375 0.03203125 0.0203125 
2 0.01875 0.85234375 0.0375 0.05859375 
2 0.284375 0.846875 0.02421875 0.03046875 
2 0.1609375 0.85078125 0.0296875 0.03984375 
2 0.1046875 0.8484375 0.0203125 0.0390625 
2 0.065625 0.85703125 0.03828125 0.05625 
2 0.309375 0.87578125 0.05078125 0.06640625 
2 0.3796875 0.9125 0.10703125 0.16953125 
15 0.634375 0.21328125 0.11171875 0.046875 
17 0.54765625 0.771875 0.0109375 0.04921875 
