2 0.3171875 0.79765625 0.01171875 0.02109375 
2 0.459375 0.80390625 0.0125 0.0265625 
2 0.33125 0.79453125 0.01328125 0.01875 
2 0.47578125 0.81640625 0.02109375 0.03671875 
2 0.39765625 0.79453125 0.0125 0.0265625 
5 0.6046875 0.8609375 0.06171875 0.10703125 
2 0.43515625 0.8078125 0.01484375 0.0234375 
2 0.35625 0.809375 0.01796875 0.0390625 
2 0.6046875 0.8609375 0.0609375 0.109375 
2 0.33515625 0.871875 0.05546875 0.09609375 
2 0.37578125 0.86875 0.01953125 0.05546875 
2 0.3609375 0.8765625 0.025 0.06953125 
2 0.4078125 0.80390625 0.0171875 0.02890625 
2 0.43828125 0.846875 0.02578125 0.04296875 
2 0.53984375 0.909375 0.14140625 0.18046875 
2 0.2359375 0.909375 0.23203125 0.18046875 
