2 0.934375 0.7734375 0.121875 0.08828125 
11 0.4671875 0.675 0.021875 0.01640625 
2 0.3234375 0.83828125 0.03203125 0.05 
5 0.221875 0.83125 0.06640625 0.13359375 
2 0.3546875 0.83203125 0.03046875 0.03359375 
2 0.3015625 0.8203125 0.02578125 0.028125 
2 0.1828125 0.82109375 0.01796875 0.03984375 
2 0.26796875 0.8515625 0.03046875 0.05 
2 0.35 0.86484375 0.05078125 0.059375 
2 0.303125 0.8640625 0.05234375 0.065625 
2 0.40625 0.86171875 0.0453125 0.04921875 
2 0.9015625 0.9015625 0.196875 0.19609375 
2 0.51953125 0.92421875 0.1453125 0.15078125 
11 0.5375 0.6765625 0.028125 0.01640625 
