2 0.640625 0.83203125 0.0140625 0.0234375 
2 0.95 0.8140625 0.021875 0.03515625 
2 0.6296875 0.859375 0.01953125 0.0484375 
6 0.59296875 0.62578125 0.021875 0.01328125 
2 0.9203125 0.8125 0.0375 0.04375 
2 0.3765625 0.85625 0.03125 0.06484375 
2 0.659375 0.83359375 0.01484375 0.01953125 
2 0.6859375 0.83125 0.0203125 0.028125 
2 0.96796875 0.80703125 0.05 0.046875 
6 0.61484375 0.696875 0.01328125 0.0140625 
6 0.52890625 0.6265625 0.02265625 0.01875 
2 0.60703125 0.88046875 0.053125 0.0984375 
2 0.41171875 0.86953125 0.03984375 0.06953125 
2 0.89765625 0.83671875 0.0359375 0.065625 
2 0.86484375 0.84296875 0.05625 0.0765625 
2 0.30703125 0.903125 0.1703125 0.19375 
2 0.11171875 0.89140625 0.22265625 0.21640625 
2 0.5 0.9046875 0.24375 0.190625 
