2 0.415625 0.81875 0.0296875 0.0234375 
2 0.36484375 0.82890625 0.03828125 0.03984375 
2 0.2828125 0.828125 0.04375 0.04921875 
2 0.42578125 0.8640625 0.0453125 0.08984375 
2 0.43828125 0.8515625 0.04453125 0.08046875 
2 0.465625 0.825 0.02890625 0.03671875 
2 0.23515625 0.87421875 0.11640625 0.1515625 
2 0.4015625 0.896875 0.07265625 0.13046875 
2 0.128125 0.89921875 0.25546875 0.1953125 
2 0.55546875 0.903125 0.3171875 0.19375 
2 0.3140625 0.91796875 0.17265625 0.1640625 
7 0.54140625 0.73359375 0.015625 0.0078125 
7 0.509375 0.73671875 0.01484375 0.00859375 
