2 0.6296875 0.875 0.07578125 0.15 
2 0.334375 0.79921875 0.01015625 0.0203125 
2 0.421875 0.82734375 0.02265625 0.04140625 
2 0.47109375 0.81171875 0.01953125 0.03046875 
2 0.41796875 0.80078125 0.01484375 0.0265625 
2 0.3890625 0.79921875 0.0171875 0.028125 
2 0.43359375 0.809375 0.015625 0.03203125 
5 0.62890625 0.87421875 0.078125 0.1515625 
2 0.1234375 0.87265625 0.0546875 0.06015625 
4 0.1546875 0.90546875 0.02421875 0.06328125 
2 0.32109375 0.90859375 0.1171875 0.1765625 
2 0.5171875 0.909375 0.14921875 0.178125 
2 0.228125 0.90859375 0.0859375 0.13515625 
