2 0.45390625 0.8515625 0.0125 0.01796875 
2 0.38203125 0.85703125 0.02265625 0.0234375 
2 0.7015625 0.859375 0.03203125 0.04921875 
2 0.68359375 0.859375 0.01796875 0.03984375 
2 0.3265625 0.86171875 0.02265625 0.03125 
2 0.665625 0.85859375 0.0234375 0.04609375 
2 0.4953125 0.86328125 0.01953125 0.03671875 
2 0.30234375 0.86171875 0.02734375 0.03515625 
2 0.25 0.88671875 0.07109375 0.075 
2 0.1609375 0.89609375 0.10859375 0.10078125 
2 0.534375 0.91640625 0.09140625 0.15390625 
2 0.0453125 0.87578125 0.08828125 0.13046875 
