2 0.3984375 0.80859375 0.02421875 0.0296875 
2 0.5703125 0.79140625 0.01796875 0.03125 
2 0.3828125 0.79140625 0.02421875 0.03125 
2 0.428125 0.84375 0.02578125 0.05390625 
2 0.5015625 0.81875 0.02265625 0.0453125 
2 0.49375 0.83671875 0.02734375 0.05 
2 0.21484375 0.86953125 0.03515625 0.053125 
2 0.4015625 0.85859375 0.04921875 0.07890625 
2 0.01796875 0.90078125 0.03515625 0.13828125 
2 0.1015625 0.88359375 0.08515625 0.08515625 
2 0.4609375 0.8625 0.0578125 0.09375 
2 0.30234375 0.88671875 0.16484375 0.225 
2 0.540625 0.88671875 0.0859375 0.14453125 
2 0.875 0.9203125 0.24921875 0.159375 
