2 0.36640625 0.83046875 0.0453125 0.04296875 
2 0.2828125 0.828125 0.04375 0.0484375 
2 0.43125 0.85 0.0578125 0.08515625 
2 0.46328125 0.8296875 0.02578125 0.0390625 
2 0.67265625 0.86796875 0.078125 0.1359375 
2 0.403125 0.89609375 0.071875 0.1296875 
2 0.17265625 0.846875 0.0328125 0.071875 
2 0.12734375 0.89921875 0.2546875 0.1953125 
2 0.2234375 0.8734375 0.09453125 0.15 
2 0.55703125 0.9046875 0.31484375 0.190625 
2 0.31328125 0.91796875 0.1734375 0.1640625 
11 0.54375 0.73515625 0.0125 0.00859375 
11 0.509375 0.73828125 0.01796875 0.009375 
