2 0.34765625 0.909375 0.07265625 0.178125 
2 0.35234375 0.8515625 0.03359375 0.078125 
2 0.4921875 0.8265625 0.01484375 0.028125 
2 0.19453125 0.85078125 0.02734375 0.08671875 
2 0.540625 0.8390625 0.02265625 0.046875 
2 0.4484375 0.84453125 0.0234375 0.0296875 
2 0.40625 0.859375 0.0296875 0.04375 
2 0.71015625 0.90859375 0.08828125 0.1109375 
2 0.1203125 0.90078125 0.11328125 0.1203125 
2 0.87734375 0.90859375 0.2296875 0.18125 
2 0.54453125 0.93046875 0.15546875 0.13515625 
6 0.5515625 0.73203125 0.01484375 0.0109375 
6 0.51328125 0.734375 0.01328125 0.0109375 
