2 0.38515625 0.7828125 0.0234375 0.025 
8 0.4296875 0.53125 0.03828125 0.02109375 
2 0.37421875 0.78515625 0.02265625 0.021875 
2 0.54765625 0.778125 0.03125 0.040625 
2 0.32734375 0.78828125 0.00859375 0.02890625 
3 0.4703125 0.7796875 0.1046875 0.1890625 
2 0.29921875 0.78671875 0.02734375 0.03046875 
2 0.86640625 0.76796875 0.0546875 0.09453125 
2 0.34375 0.79140625 0.03515625 0.0515625 
2 0.2203125 0.80859375 0.05078125 0.05390625 
2 0.9625 0.7765625 0.075 0.12890625 
2 0.06484375 0.85703125 0.11328125 0.1140625 
2 0.584375 0.89921875 0.259375 0.2015625 
8 0.5109375 0.5265625 0.03984375 0.021875 
17 0.8796875 0.61328125 0.03046875 0.10625 
