2 0.428125 0.84375 0.0171875 0.01796875 
2 0.58515625 0.85859375 0.021875 0.04453125 
2 0.80078125 0.84453125 0.0265625 0.02890625 
2 0.6546875 0.84765625 0.02578125 0.0359375 
2 0.98828125 0.84609375 0.0234375 0.075 
2 0.97109375 0.840625 0.053125 0.08046875 
2 0.9390625 0.84609375 0.04453125 0.06640625 
2 0.6296875 0.84765625 0.02421875 0.03046875 
2 0.90078125 0.84296875 0.0453125 0.06796875 
2 0.34453125 0.86875 0.04921875 0.0546875 
2 0.37421875 0.8640625 0.03203125 0.04375 
2 0.765625 0.84609375 0.046875 0.0453125 
2 0.14296875 0.87421875 0.065625 0.0890625 
2 0.50625 0.853125 0.02265625 0.03359375 
2 0.19765625 0.87890625 0.09296875 0.0984375 
2 0.271875 0.8703125 0.065625 0.08359375 
2 0.05859375 0.8875 0.1171875 0.14375 
2 0.55234375 0.9109375 0.09453125 0.15859375 
