2 0.35859375 0.84765625 0.03203125 0.06953125 
2 0.35234375 0.90234375 0.0703125 0.1953125 
2 0.8015625 0.896875 0.04453125 0.090625 
2 0.49296875 0.8234375 0.01640625 0.03125 
2 0.54140625 0.840625 0.02265625 0.04453125 
2 0.44609375 0.84453125 0.025 0.0296875 
2 0.39921875 0.8609375 0.03203125 0.046875 
2 0.72421875 0.9125 0.09453125 0.12109375 
2 0.0640625 0.90390625 0.128125 0.13984375 
2 0.89609375 0.90546875 0.2078125 0.1859375 
2 0.54609375 0.92890625 0.15703125 0.134375 
6 0.55390625 0.73046875 0.0140625 0.01015625 
6 0.51484375 0.73125 0.01328125 0.0125 
