2 0.75703125 0.8625 0.0203125 0.04921875 
2 0.56328125 0.89453125 0.028125 0.09609375 
2 0.42109375 0.8234375 0.01171875 0.025 
2 0.4640625 0.82890625 0.01953125 0.028125 
2 0.4828125 0.8484375 0.03046875 0.046875 
2 0.9515625 0.9140625 0.096875 0.1546875 
2 0.2953125 0.84375 0.04140625 0.0390625 
2 0.4359375 0.84140625 0.03046875 0.0609375 
2 0.5171875 0.91640625 0.11328125 0.16328125 
2 0.35703125 0.909375 0.1078125 0.178125 
10 0.46328125 0.74453125 0.0140625 0.0078125 
10 0.43671875 0.74609375 0.0125 0.00703125 
