2 0.4578125 0.84453125 0.015625 0.01875 
2 0.66953125 0.85 0.0125 0.03515625 
2 0.11796875 0.84375 0.040625 0.0609375 
2 0.41484375 0.846875 0.01484375 0.0203125 
2 0.340625 0.8546875 0.02109375 0.028125 
2 0.39140625 0.84921875 0.01953125 0.0203125 
2 0.32421875 0.85390625 0.025 0.03203125 
2 0.68203125 0.8515625 0.028125 0.04375 
2 0.4984375 0.85625 0.01953125 0.03515625 
2 0.653125 0.85546875 0.0265625 0.03828125 
2 0.14296875 0.86640625 0.06484375 0.103125 
2 0.29921875 0.87421875 0.05234375 0.0640625 
2 0.0578125 0.8828125 0.11328125 0.15078125 
2 0.2359375 0.88046875 0.08125 0.08359375 
2 0.540625 0.90625 0.09140625 0.153125 
