5 0.40234375 0.83984375 0.03515625 0.05703125 
2 0.1109375 0.884375 0.0609375 0.07578125 
2 0.54453125 0.83359375 0.01328125 0.025 
2 0.51171875 0.8359375 0.0140625 0.02109375 
6 0.55859375 0.71953125 0.01171875 0.01328125 
2 0.5265625 0.83203125 0.01171875 0.02109375 
6 0.5203125 0.721875 0.01328125 0.01484375 
2 0.49296875 0.84140625 0.01796875 0.02421875 
2 0.0796875 0.884375 0.090625 0.08828125 
2 0.4671875 0.84609375 0.02578125 0.03046875 
2 0.384375 0.85390625 0.04296875 0.053125 
2 0.578125 0.8796875 0.07890625 0.13671875 
2 0.25 0.91953125 0.215625 0.15859375 
