2 0.415625 0.8203125 0.0296875 0.02578125 
2 0.3671875 0.83125 0.04140625 0.04140625 
2 0.42421875 0.86796875 0.040625 0.08828125 
2 0.2828125 0.8265625 0.04453125 0.0546875 
2 0.44296875 0.84921875 0.03359375 0.075 
2 0.465625 0.82578125 0.02890625 0.03671875 
2 0.23046875 0.8734375 0.10625 0.15078125 
2 0.403125 0.89609375 0.06953125 0.128125 
2 0.1265625 0.9 0.253125 0.19609375 
2 0.85078125 0.89296875 0.2953125 0.2140625 
2 0.55625 0.90234375 0.31875 0.1953125 
2 0.31328125 0.91796875 0.1734375 0.1640625 
7 0.54140625 0.73515625 0.01640625 0.00859375 
7 0.509375 0.7375 0.01796875 0.01015625 
