2 0.4859375 0.85390625 0.01171875 0.021875 
2 0.51171875 0.846875 0.01640625 0.025 
2 0.49609375 0.85234375 0.01640625 0.025 
6 0.5140625 0.721875 0.01484375 0.01640625 
2 0.471875 0.85625 0.01484375 0.021875 
2 0.45625 0.8578125 0.0140625 0.0234375 
6 0.46953125 0.72734375 0.01484375 0.015625 
2 0.38828125 0.87109375 0.03203125 0.04453125 
2 0.21796875 0.89140625 0.05859375 0.08359375 
2 0.42734375 0.865625 0.02578125 0.03125 
2 0.29921875 0.9234375 0.18125 0.15078125 
2 0.55390625 0.9 0.08359375 0.140625 
6 0.52734375 0.77109375 0.0125 0.0109375 
