2 0.47109375 0.8515625 0.01484375 0.03359375 
11 0.9203125 0.46640625 0.01328125 0.01796875 
2 0.2453125 0.85078125 0.0109375 0.01640625 
2 0.303125 0.8515625 0.01640625 0.02109375 
2 0.275 0.85546875 0.01484375 0.0265625 
2 0.23203125 0.85390625 0.01484375 0.021875 
2 0.18515625 0.85546875 0.01640625 0.02890625 
2 0.215625 0.85234375 0.0125 0.0234375 
2 0.26171875 0.85703125 0.02109375 0.03046875 
2 0.16875 0.859375 0.0234375 0.03359375 
2 0.4359375 0.878125 0.0546875 0.0703125 
2 0.13203125 0.87421875 0.04765625 0.06796875 
2 0.05390625 0.915625 0.1078125 0.16875 
2 0.5015625 0.90625 0.09296875 0.15859375 
6 0.39140625 0.7234375 0.021875 0.01328125 
6 0.53671875 0.63125 0.03828125 0.02109375 
6 0.453125 0.640625 0.0390625 0.01875 
17 0.4953125 0.81015625 0.00625 0.03203125 
