2 0.03671875 0.72890625 0.01953125 0.028125 
2 0.071875 0.7515625 0.01796875 0.0359375 
2 0.3015625 0.740625 0.01953125 0.0234375 
2 0.6421875 0.7421875 0.0234375 0.03203125 
2 0.57109375 0.7453125 0.04609375 0.05 
7 0.59140625 0.5515625 0.015625 0.01484375 
2 0.61484375 0.746875 0.02578125 0.03515625 
2 0.34375 0.76953125 0.0640625 0.05390625 
2 0.45078125 0.771875 0.04375 0.03671875 
2 0.10234375 0.7625 0.046875 0.04140625 
2 0.84609375 0.784375 0.0703125 0.11640625 
2 0.0578125 0.80546875 0.04765625 0.09375 
2 0.70390625 0.79609375 0.10625 0.0859375 
2 0.178125 0.7859375 0.04609375 0.0609375 
2 0.02578125 0.81953125 0.05078125 0.12421875 
2 0.54140625 0.90390625 0.134375 0.18984375 
7 0.6703125 0.55 0.02734375 0.01875 
