6 0.4890625 0.66875 0.01953125 0.01015625 
6 0.44765625 0.67265625 0.0203125 0.01171875 
2 0.36484375 0.7890625 0.0140625 0.02421875 
2 0.5515625 0.83046875 0.08828125 0.1546875 
2 0.4125 0.78203125 0.0171875 0.0265625 
2 0.33671875 0.79375 0.01953125 0.028125 
5 0.74375 0.88671875 0.19765625 0.22578125 
2 0.453125 0.784375 0.01484375 0.021875 
2 0.4671875 0.79453125 0.02109375 0.0296875 
2 0.38046875 0.79296875 0.01953125 0.028125 
2 0.1578125 0.88359375 0.06796875 0.0734375 
2 0.32421875 0.84609375 0.04921875 0.06953125 
2 0.41640625 0.86796875 0.05546875 0.0984375 
2 0.0890625 0.925 0.178125 0.15 
2 0.51015625 0.90703125 0.1609375 0.178125 
2 0.2359375 0.91328125 0.12578125 0.13359375 
