2 0.82890625 0.853125 0.01875 0.04140625 
2 0.48828125 0.85703125 0.0125 0.021875 
2 0.74140625 0.86328125 0.025 0.059375 
5 0.53203125 0.8765625 0.06953125 0.13828125 
6 0.55859375 0.67578125 0.021875 0.01484375 
2 0.4390625 0.86328125 0.0140625 0.01953125 
2 0.53203125 0.8765625 0.06953125 0.1359375 
2 0.88828125 0.85390625 0.028125 0.06640625 
6 0.49453125 0.67734375 0.025 0.01796875 
2 0.7171875 0.86796875 0.05625 0.06953125 
2 0.7890625 0.8625 0.08046875 0.09140625 
17 0.678125 0.771875 0.00859375 0.04140625 
