5 0.671875 0.89140625 0.059375 0.17421875 
2 0.45546875 0.8484375 0.0125 0.02578125 
2 0.0828125 0.8609375 0.02890625 0.04296875 
2 0.159375 0.88046875 0.04453125 0.07421875 
2 0.46953125 0.8484375 0.015625 0.0296875 
2 0.140625 0.8875 0.04921875 0.0734375 
2 0.4359375 0.86953125 0.03359375 0.0796875 
2 0.39609375 0.896875 0.0625 0.15390625 
2 0.1828125 0.86640625 0.03984375 0.071875 
2 0.53359375 0.9265625 0.21953125 0.146875 
6 0.484375 0.740625 0.0171875 0.01015625 
6 0.4515625 0.74296875 0.015625 0.00859375 
