2 0.4375 0.78515625 0.0234375 0.03671875 
2 0.00625 0.81796875 0.0125 0.0890625 
2 0.62578125 0.75 0.01796875 0.0296875 
2 0.028125 0.73671875 0.02265625 0.03046875 
2 0.0234375 0.80625 0.046875 0.09375 
7 0.6015625 0.54609375 0.028125 0.01875 
2 0.41328125 0.78203125 0.06328125 0.05 
2 0.49609375 0.771875 0.0296875 0.04609375 
2 0.21953125 0.78046875 0.03984375 0.04296875 
2 0.53828125 0.79453125 0.05859375 0.0703125 
2 0.95859375 0.7984375 0.08203125 0.096875 
2 0.14921875 0.8234375 0.053125 0.09453125 
2 0.2671875 0.7859375 0.06328125 0.05 
2 0.64609375 0.80546875 0.0890625 0.08125 
2 0.08046875 0.84296875 0.11328125 0.121875 
7 0.67890625 0.5421875 0.028125 0.02109375 
