0 0.6125 0.8515625 0.0078125 0.06328125 
2 0.37890625 0.82578125 0.01328125 0.021875 
2 0.325 0.8515625 0.01171875 0.0265625 
2 0.9578125 0.93984375 0.08125 0.1203125 
2 0.45078125 0.8484375 0.025 0.034375 
2 0.72578125 0.49453125 0.028125 0.0390625 
2 0.47265625 0.85859375 0.053125 0.05859375 
2 0.28125 0.85078125 0.01484375 0.03515625 
2 0.15703125 0.85078125 0.21328125 0.18671875 
2 0.3953125 0.828125 0.01328125 0.0265625 
2 0.34765625 0.85078125 0.03046875 0.0390625 
2 0.265625 0.86171875 0.03671875 0.053125 
2 0.4203125 0.8515625 0.0328125 0.06640625 
2 0.30390625 0.86640625 0.0421875 0.05546875 
2 0.51484375 0.921875 0.1515625 0.1484375 
17 0.6203125 0.76015625 0.01171875 0.046875 
17 0.6046875 0.765625 0.0125 0.04921875 
6 0.50546875 0.6828125 0.02421875 0.0171875 
6 0.4546875 0.6859375 0.025 0.015625 
