2 0.00625 0.81796875 0.0125 0.0890625 
15 0.678125 0.54140625 0.03046875 0.01796875 
2 0.53125 0.7765625 0.01796875 0.04609375 
2 0.60078125 0.74609375 0.0234375 0.0390625 
2 0.63671875 0.75390625 0.0171875 0.0296875 
2 0.028125 0.7359375 0.02265625 0.0296875 
2 0.50234375 0.76953125 0.015625 0.0359375 
2 0.625 0.74921875 0.01640625 0.03046875 
2 0.55859375 0.765625 0.02109375 0.03203125 
2 0.3109375 0.78359375 0.0390625 0.04140625 
7 0.59609375 0.54609375 0.0171875 0.01875 
2 0.0234375 0.8046875 0.046875 0.09375 
2 0.54375 0.7734375 0.015625 0.03828125 
2 0.41875 0.78125 0.07109375 0.053125 
2 0.45625 0.778125 0.03515625 0.040625 
2 0.58515625 0.7890625 0.0390625 0.059375 
2 0.51875 0.7859375 0.03515625 0.0546875 
2 0.14921875 0.8234375 0.05234375 0.09453125 
2 0.7125 0.8125 0.11640625 0.0859375 
2 0.28046875 0.7859375 0.05859375 0.05 
2 0.08046875 0.8421875 0.11328125 0.1234375 
