2 0.00703125 0.81640625 0.01328125 0.09296875 
2 0.60078125 0.74609375 0.02421875 0.0390625 
2 0.6359375 0.75390625 0.01796875 0.0296875 
2 0.3125 0.78203125 0.0421875 0.04296875 
2 0.625 0.74921875 0.01640625 0.02890625 
2 0.50234375 0.76875 0.01484375 0.0359375 
2 0.02734375 0.73671875 0.02421875 0.0296875 
7 0.5953125 0.54609375 0.0171875 0.01875 
2 0.0875 0.7484375 0.0265625 0.03671875 
2 0.0234375 0.8046875 0.046875 0.09375 
2 0.41796875 0.78203125 0.0703125 0.053125 
2 0.54375 0.7734375 0.01640625 0.03828125 
2 0.56015625 0.76640625 0.021875 0.03046875 
2 0.4609375 0.77890625 0.0359375 0.0390625 
2 0.58359375 0.78828125 0.0375 0.05859375 
2 0.51875 0.784375 0.03515625 0.05703125 
2 0.14921875 0.8234375 0.05234375 0.09453125 
2 0.69609375 0.81171875 0.1125 0.08359375 
2 0.28046875 0.7859375 0.05859375 0.05 
2 0.08046875 0.8421875 0.11328125 0.1234375 
15 0.67890625 0.540625 0.0296875 0.0171875 
