2 0.5703125 0.82890625 0.0109375 0.04296875 
2 0.315625 0.83671875 0.01484375 0.021875 
2 0.09765625 0.840625 0.021875 0.02578125 
2 0.72109375 0.821875 0.02734375 0.04453125 
3 0.525 0.828125 0.08203125 0.16953125 
2 0.4703125 0.83671875 0.03046875 0.06953125 
2 0.4484375 0.83828125 0.02421875 0.03828125 
2 0.00859375 0.9046875 0.0171875 0.190625 
2 0.06953125 0.8515625 0.04609375 0.071875 
2 0.75234375 0.81796875 0.04140625 0.05 
2 0.37265625 0.84296875 0.02734375 0.0390625 
2 0.11796875 0.8625 0.0625 0.05859375 
2 0.29140625 0.85625 0.04296875 0.0609375 
2 0.39921875 0.85703125 0.04921875 0.0609375 
2 0.33203125 0.8609375 0.05546875 0.06484375 
2 0.23359375 0.88203125 0.08359375 0.08984375 
7 0.5296875 0.7296875 0.015625 0.01171875 
7 0.496875 0.73125 0.01875 0.01015625 
