2 0.70546875 0.8265625 0.03671875 0.03203125 
2 0.3890625 0.86640625 0.0328125 0.06484375 
5 0.13984375 0.8140625 0.17734375 0.25625 
2 0.69453125 0.828125 0.025 0.02578125 
2 0.7171875 0.82109375 0.03046875 0.03515625 
2 0.65078125 0.83125 0.034375 0.0390625 
2 0.35859375 0.871875 0.0625 0.07578125 
2 0.59453125 0.85625 0.05390625 0.08203125 
2 0.28984375 0.88359375 0.08515625 0.10390625 
17 0.58828125 0.78125 0.00625 0.0296875 
15 0.45234375 0.6953125 0.01953125 0.0125 
15 0.40625 0.69609375 0.01796875 0.01328125 
