2 0.953125 0.8609375 0.046875 0.084375 
2 0.40078125 0.871875 0.01640625 0.0203125 
2 0.69375 0.93125 0.07734375 0.134375 
2 0.4703125 0.8765625 0.02578125 0.05 
5 0.04375 0.88671875 0.08671875 0.13203125 
2 0.5625 0.865625 0.01953125 0.0203125 
2 0.43515625 0.8765625 0.021875 0.03203125 
2 0.584375 0.871875 0.02734375 0.03671875 
2 0.1640625 0.89375 0.040625 0.0796875 
2 0.61015625 0.89375 0.05546875 0.0796875 
2 0.646875 0.91953125 0.05390625 0.0984375 
2 0.37890625 0.8875 0.0390625 0.046875 
2 0.1046875 0.9109375 0.10703125 0.1140625 
2 0.76953125 0.9296875 0.2109375 0.140625 
2 0.5203125 0.93046875 0.1640625 0.1359375 
6 0.64453125 0.18671875 0.1109375 0.07578125 
6 0.43125 0.2234375 0.109375 0.0703125 
