2 0.0109375 0.8234375 0.021875 0.08671875 
2 0.5296875 0.82890625 0.01953125 0.0390625 
2 0.721875 0.8125 0.02109375 0.034375 
2 0.5984375 0.8234375 0.03046875 0.0390625 
6 0.6671875 0.46484375 0.03828125 0.0296875 
2 0.54375 0.834375 0.02421875 0.04609375 
2 0.0515625 0.82890625 0.03515625 0.08828125 
2 0.5609375 0.84140625 0.03828125 0.05390625 
2 0.4671875 0.84375 0.08671875 0.06640625 
2 0.659375 0.8640625 0.13828125 0.128125 
2 0.27578125 0.84765625 0.075 0.06796875 
2 0.03046875 0.853125 0.0609375 0.1296875 
6 0.79140625 0.45859375 0.04296875 0.02734375 
