2 0.35625 0.89140625 0.01484375 0.02421875 
2 0.4125 0.8703125 0.03984375 0.0890625 
2 0.36171875 0.8921875 0.01328125 0.0234375 
2 0.3515625 0.8921875 0.01015625 0.02109375 
2 0.384375 0.88984375 0.01640625 0.03359375 
2 0.26015625 0.89375 0.05078125 0.04140625 
2 0.315625 0.8953125 0.02109375 0.03359375 
2 0.6546875 0.884375 0.05625 0.08671875 
2 0.45546875 0.89375 0.05078125 0.06484375 
2 0.709375 0.91953125 0.1015625 0.15 
2 0.8640625 0.91171875 0.26171875 0.17578125 
2 0.03828125 0.93046875 0.0765625 0.1359375 
2 0.56015625 0.9125 0.1828125 0.175 
