2 0.00703125 0.81640625 0.0140625 0.090625 
2 0.59453125 0.75 0.03671875 0.040625 
2 0.2953125 0.7515625 0.01953125 0.0265625 
2 0.028125 0.7359375 0.021875 0.028125 
2 0.35703125 0.78125 0.03359375 0.05 
2 0.23203125 0.78359375 0.03203125 0.04296875 
2 0.48359375 0.778125 0.025 0.03984375 
7 0.5953125 0.54453125 0.0171875 0.01796875 
2 0.0234375 0.8046875 0.046875 0.09375 
2 0.3984375 0.784375 0.04140625 0.04453125 
2 0.1828125 0.778125 0.02578125 0.040625 
2 0.52265625 0.77734375 0.02890625 0.05859375 
2 0.45859375 0.7796875 0.03984375 0.04453125 
2 0.6921875 0.8109375 0.11328125 0.08515625 
2 0.31640625 0.77734375 0.053125 0.05078125 
2 0.2109375 0.78359375 0.0515625 0.05 
2 0.90625 0.8015625 0.14375 0.1 
2 0.15 0.8234375 0.05390625 0.09453125 
2 0.540625 0.79453125 0.05390625 0.07421875 
2 0.08046875 0.84296875 0.11328125 0.121875 
7 0.67890625 0.54453125 0.02890625 0.02109375 
