2 0.50390625 0.8390625 0.01953125 0.0359375 
2 0.53828125 0.8203125 0.01796875 0.028125 
2 0.4859375 0.83046875 0.01953125 0.040625 
2 0.20546875 0.93984375 0.21796875 0.1203125 
2 0.34609375 0.896875 0.0453125 0.18984375 
2 0.409375 0.84453125 0.03046875 0.04609375 
2 0.47421875 0.8421875 0.021875 0.04140625 
2 0.28125 0.8890625 0.1671875 0.215625 
2 0.396875 0.8734375 0.0390625 0.0609375 
2 0.5359375 0.90390625 0.08671875 0.14453125 
2 0.44921875 0.88125 0.06328125 0.103125 
2 0.06015625 0.9078125 0.1203125 0.134375 
