0 0.8625 0.79921875 0.0125 0.11328125 
5 0.99296875 0.77578125 0.0140625 0.1234375 
2 0.5 0.86875 0.02421875 0.078125 
2 0.3453125 0.77578125 0.009375 0.01875 
2 0.1078125 0.7859375 0.01484375 0.03203125 
2 0.43359375 0.771875 0.015625 0.021875 
3 0.5125 0.7875 0.121875 0.196875 
2 0.31953125 0.77890625 0.01796875 0.0265625 
2 0.33515625 0.7765625 0.01015625 0.0203125 
2 0.40234375 0.771875 0.015625 0.02578125 
8 0.44921875 0.559375 0.034375 0.01875 
2 0.83046875 0.771875 0.0546875 0.0703125 
2 0.35625 0.778125 0.01484375 0.02421875 
2 0.278125 0.79296875 0.0265625 0.04140625 
2 0.91875 0.77578125 0.103125 0.1109375 
2 0.38125 0.775 0.02578125 0.0390625 
2 0.25 0.815625 0.05703125 0.06953125 
2 0.57890625 0.9 0.22890625 0.1984375 
8 0.5203125 0.55234375 0.034375 0.01953125 
