2 0.496875 0.86015625 0.01953125 0.0390625 
2 0.43828125 0.84921875 0.0203125 0.03828125 
2 0.30625 0.8796875 0.015625 0.0515625 
2 0.33125 0.878125 0.01640625 0.0390625 
2 0.4046875 0.865625 0.0140625 0.02890625 
2 0.41796875 0.8609375 0.01640625 0.02890625 
2 0.39296875 0.86640625 0.015625 0.03046875 
2 0.32421875 0.8796875 0.02421875 0.04453125 
2 0.37734375 0.86953125 0.02109375 0.034375 
2 0.3515625 0.87109375 0.0265625 0.04296875 
2 0.46953125 0.87109375 0.04609375 0.06640625 
2 0.0515625 0.903125 0.103125 0.19375 
2 0.28359375 0.88046875 0.04453125 0.06328125 
2 0.22890625 0.8921875 0.06328125 0.0640625 
2 0.55 0.915625 0.1265625 0.16640625 
