2 0.440625 0.865625 0.0390625 0.05546875 
2 0.73046875 0.81796875 0.01875 0.03125 
2 0.57578125 0.83984375 0.028125 0.028125 
6 0.99140625 0.12109375 0.0171875 0.0515625 
2 0.45625 0.86796875 0.0546875 0.06484375 
2 0.31015625 0.88046875 0.02265625 0.04140625 
6 0.81015625 0.11640625 0.0921875 0.06015625 
2 0.553125 0.86328125 0.06484375 0.07890625 
2 0.265625 0.87109375 0.09921875 0.090625 
2 0.68203125 0.834375 0.034375 0.03828125 
2 0.71171875 0.828125 0.03046875 0.03671875 
2 0.50390625 0.86484375 0.0625 0.08515625 
2 0.6234375 0.878125 0.08203125 0.13671875 
