2 0.78984375 0.85703125 0.03359375 0.0484375 
2 0.23046875 0.85703125 0.01015625 0.01953125 
2 0.190625 0.85703125 0.0140625 0.0265625 
2 0.2046875 0.85859375 0.0203125 0.02421875 
2 0.15390625 0.85859375 0.021875 0.03203125 
2 0.2671875 0.85859375 0.01328125 0.02421875 
6 0.43515625 0.596875 0.04296875 0.021875 
2 0.10859375 0.85859375 0.02109375 0.03515625 
2 0.13125 0.8640625 0.028125 0.0390625 
2 0.24453125 0.8609375 0.01875 0.0296875 
2 0.39375 0.8859375 0.05546875 0.06875 
2 0.03203125 0.8875 0.0640625 0.09140625 
2 0.48046875 0.91796875 0.09765625 0.1609375 
17 0.49296875 0.80859375 0.00859375 0.03359375 
6 0.5390625 0.5890625 0.04765625 0.0234375 
6 0.375 0.71484375 0.02578125 0.0140625 
