2 0.4375 0.83828125 0.02109375 0.03125 
2 0.4671875 0.83984375 0.01171875 0.021875 
6 0.48359375 0.740625 0.0125 0.01171875 
2 0.1203125 0.896875 0.06640625 0.08828125 
2 0.45390625 0.84609375 0.01640625 0.0265625 
2 0.4296875 0.86328125 0.02734375 0.05 
2 0.33046875 0.86640625 0.0234375 0.03671875 
2 0.35 0.865625 0.02734375 0.04140625 
2 0.08125 0.896875 0.0765625 0.09453125 
6 0.4453125 0.6265625 0.0265625 0.02109375 
6 0.36953125 0.63203125 0.02578125 0.0203125 
2 0.53203125 0.9109375 0.096875 0.16640625 
2 0.38671875 0.91328125 0.09375 0.13671875 
