2 0.56796875 0.76796875 0.01640625 0.03125 
2 0.02734375 0.83046875 0.0546875 0.0640625 
7 0.07265625 0.59921875 0.01796875 0.01796875 
4 0.640625 0.846875 0.02265625 0.0640625 
2 0.99140625 0.81640625 0.0171875 0.06328125 
2 0.58984375 0.76484375 0.01640625 0.028125 
2 0.5140625 0.85703125 0.05703125 0.103125 
2 0.43359375 0.7890625 0.04765625 0.03671875 
2 0.67265625 0.81484375 0.07421875 0.06328125 
2 0.921875 0.81484375 0.03515625 0.078125 
2 0.09375 0.8171875 0.03125 0.075 
2 0.28515625 0.81796875 0.03046875 0.05859375 
2 0.56015625 0.77109375 0.025 0.03828125 
2 0.16640625 0.80703125 0.03828125 0.053125 
2 0.071875 0.83359375 0.046875 0.078125 
2 0.7765625 0.80546875 0.04609375 0.075 
2 0.15234375 0.84609375 0.06015625 0.078125 
2 0.20390625 0.82109375 0.04375 0.06171875 
2 0.24453125 0.85546875 0.065625 0.08203125 
2 0.56640625 0.9234375 0.175 0.146875 
15 0.60859375 0.64296875 0.01953125 0.0125 
15 0.5578125 0.64453125 0.0203125 0.01171875 
