2 0.371875 0.81171875 0.01484375 0.021875 
2 0.40546875 0.80625 0.0109375 0.01953125 
2 0.47109375 0.84296875 0.025 0.03984375 
2 0.4859375 0.82890625 0.01875 0.03359375 
2 0.04609375 0.8984375 0.0921875 0.15625 
2 0.33046875 0.80703125 0.01796875 0.0234375 
2 0.42421875 0.81640625 0.0125 0.0296875 
2 0.2109375 0.85859375 0.0203125 0.0234375 
2 0.46484375 0.86171875 0.02890625 0.046875 
2 0.5921875 0.859375 0.0390625 0.071875 
2 0.43203125 0.82578125 0.01796875 0.03203125 
5 0.046875 0.9 0.09296875 0.159375 
2 0.3296875 0.87890625 0.04453125 0.05859375 
2 0.396875 0.87265625 0.04140625 0.0640625 
2 0.5453125 0.91640625 0.13046875 0.16640625 
