2 0.5953125 0.75078125 0.0234375 0.0390625 
2 0.0265625 0.73828125 0.0203125 0.03125 
2 0.4234375 0.78046875 0.07421875 0.05390625 
2 0.0203125 0.81875 0.040625 0.1234375 
2 0.615625 0.75703125 0.02109375 0.0296875 
2 0.0453125 0.7515625 0.03515625 0.03984375 
2 0.56953125 0.7625 0.025 0.034375 
2 0.51640625 0.7734375 0.0265625 0.05 
2 0.703125 0.81171875 0.10703125 0.08203125 
2 0.1671875 0.79921875 0.046875 0.08046875 
2 0.53046875 0.78359375 0.03984375 0.05390625 
2 0.14375 0.82421875 0.05859375 0.096875 
2 0.30546875 0.78671875 0.06171875 0.0515625 
2 0.0609375 0.84375 0.121875 0.1390625 
6 0.6 0.5453125 0.028125 0.0203125 
6 0.67890625 0.54140625 0.02890625 0.01796875 
