2 0.834375 0.95625 0.03984375 0.08359375 
2 0.01328125 0.87734375 0.025 0.03828125 
2 0.43359375 0.8828125 0.0125 0.02890625 
2 0.38515625 0.87890625 0.01640625 0.04375 
2 0.4421875 0.884375 0.0171875 0.03125 
2 0.30078125 0.865625 0.02265625 0.0390625 
2 0.45546875 0.88984375 0.02421875 0.04296875 
2 0.3234375 0.8734375 0.01484375 0.021875 
2 0.14921875 0.88125 0.07734375 0.0640625 
2 0.41015625 0.878125 0.02109375 0.040625 
2 0.3703125 0.890625 0.03203125 0.0515625 
2 0.51953125 0.921875 0.146875 0.1515625 
