2 0.00703125 0.81640625 0.01328125 0.0890625 
7 0.678125 0.5421875 0.0296875 0.0171875 
2 0.5484375 0.7890625 0.04609375 0.08515625 
2 0.02734375 0.7359375 0.021875 0.028125 
2 0.5734375 0.79765625 0.04609375 0.075 
7 0.60078125 0.54609375 0.02890625 0.01875 
2 0.3984375 0.78046875 0.071875 0.05625 
2 0.51328125 0.7859375 0.03203125 0.06640625 
2 0.8109375 0.803125 0.17421875 0.128125 
2 0.0234375 0.80546875 0.046875 0.09140625 
2 0.090625 0.76640625 0.05078125 0.04296875 
2 0.24140625 0.78125 0.06328125 0.046875 
2 0.17890625 0.77890625 0.05234375 0.05078125 
2 0.6328125 0.796875 0.06328125 0.1 
2 0.0796875 0.84296875 0.11328125 0.121875 
