2 0.41328125 0.81953125 0.03125 0.02578125 
2 0.23359375 0.7984375 0.0203125 0.01640625 
2 0.365625 0.83125 0.0421875 0.04140625 
2 0.2828125 0.828125 0.0421875 0.046875 
2 0.42890625 0.853125 0.05390625 0.08046875 
2 0.16796875 0.85859375 0.0296875 0.053125 
2 0.4640625 0.82734375 0.02578125 0.03828125 
2 0.22578125 0.87421875 0.096875 0.1484375 
2 0.40234375 0.8953125 0.07265625 0.128125 
2 0.12734375 0.90078125 0.25390625 0.19453125 
2 0.696875 0.88515625 0.1015625 0.178125 
2 0.31328125 0.91796875 0.1734375 0.1640625 
2 0.55703125 0.90390625 0.31796875 0.19140625 
7 0.509375 0.73671875 0.01953125 0.0109375 
7 0.54296875 0.734375 0.01640625 0.00859375 
