2 0.13125 0.859375 0.04140625 0.05859375 
2 0.5921875 0.88359375 0.03671875 0.084375 
2 0.534375 0.84609375 0.0171875 0.021875 
2 0.57265625 0.88046875 0.03984375 0.06953125 
2 0.4328125 0.85703125 0.03046875 0.053125 
2 0.55546875 0.85859375 0.034375 0.04609375 
6 0.4359375 0.47265625 0.0609375 0.03203125 
2 0.38984375 0.8578125 0.02578125 0.03046875 
2 0.10078125 0.87890625 0.10078125 0.096875 
2 0.17890625 0.86953125 0.05625 0.06875 
2 0.259375 0.86953125 0.046875 0.059375 
2 0.63125 0.896875 0.10234375 0.1140625 
2 0.48671875 0.915625 0.1671875 0.1609375 
17 0.94765625 0.5546875 0.0390625 0.13515625 
17 0.9 0.5671875 0.0421875 0.14296875 
6 0.56015625 0.45859375 0.06640625 0.03671875 
