2 0.2453125 0.79921875 0.01796875 0.02421875 
2 0.66796875 0.6625 0.02734375 0.0359375 
8 0.46484375 0.6421875 0.02734375 0.01796875 
7 0.58046875 0.534375 0.03984375 0.025 
2 0.28828125 0.803125 0.0296875 0.03125 
2 0.03828125 0.79921875 0.015625 0.04921875 
2 0.89375 0.76640625 0.096875 0.07421875 
2 0.2484375 0.834375 0.03671875 0.053125 
2 0.48359375 0.84609375 0.053125 0.06015625 
2 0.38671875 0.8390625 0.04296875 0.0484375 
2 0.28515625 0.8484375 0.05234375 0.07109375 
2 0.3375 0.8484375 0.05546875 0.065625 
2 0.5140625 0.91484375 0.14375 0.1703125 
2 0.8828125 0.890625 0.221875 0.21875 
8 0.5390625 0.64140625 0.0359375 0.01953125 
