8 0.44765625 0.53828125 0.05078125 0.03046875 
2 0.26484375 0.821875 0.0234375 0.03984375 
2 0.2015625 0.825 0.0296875 0.0703125 
2 0.184375 0.821875 0.02109375 0.0484375 
2 0.09296875 0.81171875 0.02578125 0.05078125 
2 0.14453125 0.815625 0.04765625 0.05625 
2 0.284375 0.83828125 0.0375 0.04453125 
2 0.79375 0.56015625 0.04609375 0.05 
2 0.23828125 0.86328125 0.078125 0.13359375 
2 0.36171875 0.84453125 0.04765625 0.06328125 
2 0.128125 0.878125 0.08515625 0.121875 
2 0.4546875 0.9203125 0.15625 0.159375 
2 0.59453125 0.9 0.1375 0.16328125 
8 0.565625 0.53125 0.05625 0.02734375 
