0 0.94765625 0.84375 0.025 0.13828125 
0 0.7078125 0.85546875 0.01328125 0.09609375 
2 0.315625 0.83671875 0.025 0.03203125 
2 0.3890625 0.846875 0.01796875 0.03203125 
2 0.2453125 0.84921875 0.02265625 0.03359375 
2 0.3953125 0.84921875 0.01953125 0.03359375 
2 0.1609375 0.853125 0.04296875 0.034375 
2 0.35546875 0.84375 0.01875 0.025 
2 0.421875 0.8609375 0.04140625 0.07109375 
2 0.5390625 0.921875 0.16953125 0.1515625 
15 0.40390625 0.73828125 0.0140625 0.0109375 
6 0.44140625 0.73828125 0.015625 0.01015625 
17 0.60390625 0.7875 0.0078125 0.0296875 
