2 0.64921875 0.746875 0.01796875 0.0296875 
2 0.00703125 0.81640625 0.01328125 0.09140625 
2 0.60234375 0.7484375 0.021875 0.03671875 
2 0.02734375 0.73671875 0.0234375 0.0296875 
2 0.6875 0.81328125 0.0609375 0.07421875 
2 0.6453125 0.80859375 0.09296875 0.08125 
7 0.5953125 0.5453125 0.0171875 0.01640625 
2 0.628125 0.74921875 0.0203125 0.03046875 
2 0.0234375 0.80390625 0.04609375 0.09375 
2 0.5828125 0.75859375 0.03203125 0.040625 
2 0.10859375 0.77109375 0.05234375 0.04921875 
2 0.2484375 0.77890625 0.06015625 0.05 
2 0.1546875 0.81640625 0.05234375 0.09296875 
2 0.52421875 0.78828125 0.046875 0.07578125 
2 0.08046875 0.84375 0.11484375 0.121875 
7 0.67890625 0.54296875 0.0265625 0.0171875 
