2 0.37421875 0.82109375 0.03359375 0.0234375 
2 0.49765625 0.83359375 0.01875 0.0390625 
2 0.41796875 0.83359375 0.02421875 0.0296875 
5 0.14453125 0.846875 0.103125 0.12578125 
2 0.45859375 0.8234375 0.01875 0.0390625 
2 0.47890625 0.84296875 0.03203125 0.0515625 
2 0.14375 0.84609375 0.10390625 0.12578125 
2 0.22421875 0.846875 0.04453125 0.05703125 
2 0.33828125 0.840625 0.03125 0.04453125 
2 0.38671875 0.89609375 0.1125 0.14140625 
2 0.5421875 0.90546875 0.10703125 0.18125 
2 0.2796875 0.853125 0.08046875 0.09453125 
