6 0.09921875 0.23671875 0.09765625 0.0546875 
6 0.31953125 0.20390625 0.115625 0.06328125 
2 0.6984375 0.8609375 0.0421875 0.04921875 
2 0.6515625 0.8640625 0.03203125 0.0546875 
2 0.3953125 0.8890625 0.04140625 0.0515625 
2 0.6765625 0.89609375 0.06328125 0.078125 
2 0.4265625 0.8875 0.0578125 0.05625 
2 0.61796875 0.8734375 0.02734375 0.04609375 
2 0.32890625 0.90234375 0.0828125 0.0859375 
2 0.4890625 0.90390625 0.0515625 0.09296875 
2 0.04375 0.90703125 0.0875 0.1296875 
2 0.19765625 0.92265625 0.178125 0.13984375 
2 0.55625 0.915625 0.128125 0.16875 
