2 0.2125 0.80390625 0.02734375 0.034375 
2 0.746875 0.81640625 0.02890625 0.03125 
2 0.3078125 0.8359375 0.01875 0.04296875 
2 0.190625 0.7890625 0.0171875 0.0265625 
5 0.97578125 0.82421875 0.0484375 0.18828125 
2 0.3609375 0.8390625 0.0328125 0.03984375 
2 0.328125 0.83671875 0.03828125 0.04453125 
2 0.41484375 0.8375 0.040625 0.05078125 
2 0.46328125 0.8515625 0.04140625 0.0484375 
2 0.609375 0.86484375 0.06640625 0.0890625 
2 0.509375 0.91796875 0.13828125 0.15625 
11 0.4890625 0.71171875 0.0203125 0.0140625 
11 0.44140625 0.71015625 0.021875 0.009375 
