2 0.4140625 0.81953125 0.03046875 0.02578125 
2 0.425 0.8640625 0.0453125 0.090625 
2 0.43828125 0.8515625 0.04453125 0.08046875 
2 0.36484375 0.83046875 0.04296875 0.04296875 
2 0.2828125 0.8234375 0.0484375 0.05703125 
2 0.46328125 0.828125 0.02734375 0.03828125 
2 0.12578125 0.9 0.25078125 0.19453125 
2 0.225 0.87421875 0.09453125 0.1515625 
2 0.4015625 0.896875 0.07421875 0.13046875 
2 0.678125 0.8734375 0.0859375 0.14921875 
2 0.31328125 0.91796875 0.1734375 0.1640625 
2 0.55546875 0.9046875 0.31875 0.190625 
11 0.5421875 0.734375 0.015625 0.00859375 
11 0.509375 0.73671875 0.01640625 0.00859375 
