2 0.484375 0.8109375 0.021875 0.02890625 
2 0.34765625 0.83125 0.0234375 0.03359375 
2 0.4390625 0.81328125 0.03203125 0.03359375 
2 0.28203125 0.828125 0.04140625 0.04921875 
2 0.46875 0.8265625 0.03046875 0.0390625 
2 0.42890625 0.859375 0.053125 0.0859375 
2 0.378125 0.828125 0.04609375 0.04296875 
2 0.2265625 0.87421875 0.09609375 0.1515625 
2 0.1265625 0.9 0.2484375 0.19296875 
2 0.40390625 0.89609375 0.07421875 0.1265625 
2 0.55234375 0.9046875 0.30546875 0.190625 
2 0.31328125 0.91796875 0.1734375 0.1640625 
11 0.54375 0.73515625 0.0140625 0.00859375 
11 0.509375 0.73828125 0.0171875 0.0078125 
