0 0.753125 0.82109375 0.01015625 0.06796875 
2 0.12890625 0.84453125 0.04453125 0.06640625 
4 0.26796875 0.85859375 0.02109375 0.05625 
2 0.2203125 0.81796875 0.0140625 0.01953125 
2 0.2796875 0.85078125 0.04140625 0.06015625 
2 0.31171875 0.8390625 0.028125 0.0484375 
2 0.14765625 0.84921875 0.07109375 0.078125 
2 0.196875 0.82578125 0.03125 0.05546875 
2 0.928125 0.81171875 0.02890625 0.05859375 
2 0.01953125 0.9015625 0.03828125 0.19140625 
2 0.33671875 0.846875 0.04453125 0.05390625 
17 0.68515625 0.725 0.0140625 0.0515625 
