2 0.49140625 0.81171875 0.021875 0.0390625 
2 0.4796875 0.8421875 0.02421875 0.06953125 
2 0.48828125 0.825 0.021875 0.0484375 
2 0.35859375 0.85546875 0.028125 0.08125 
2 0.46875 0.85390625 0.02890625 0.07890625 
2 0.53203125 0.809375 0.03515625 0.03203125 
2 0.4546875 0.86640625 0.03046875 0.0890625 
2 0.1 0.86640625 0.19921875 0.26328125 
2 0.32734375 0.87265625 0.08046875 0.1140625 
2 0.6421875 0.8765625 0.07578125 0.09453125 
2 0.409375 0.89375 0.09609375 0.153125 
2 0.53984375 0.90859375 0.10625 0.175 
