2 0.25859375 0.88046875 0.06171875 0.08515625 
6 0.56953125 0.7078125 0.02265625 0.01640625 
2 0.471875 0.86328125 0.01640625 0.040625 
2 0.31171875 0.925 0.07109375 0.15 
6 0.5453125 0.59140625 0.03984375 0.01875 
2 0.39609375 0.86796875 0.01953125 0.05 
2 0.975 0.8390625 0.046875 0.046875 
6 0.46484375 0.59140625 0.034375 0.02109375 
2 0.92265625 0.84140625 0.0375 0.053125 
2 0.3671875 0.86171875 0.04296875 0.071875 
2 0.04921875 0.92421875 0.08359375 0.1453125 
2 0.5328125 0.92109375 0.15078125 0.15625 
2 0.434375 0.89453125 0.07734375 0.11640625 
2 0.1640625 0.909375 0.21953125 0.178125 
