2 0.55859375 0.8734375 0.0703125 0.10546875 
2 0.459375 0.81953125 0.01015625 0.0234375 
2 0.46796875 0.821875 0.01328125 0.02578125 
2 0.52109375 0.825 0.021875 0.028125 
2 0.26953125 0.828125 0.0140625 0.02421875 
2 0.440625 0.81953125 0.0125 0.02421875 
2 0.13125 0.840625 0.02109375 0.0296875 
2 0.478125 0.8265625 0.01796875 0.03046875 
2 0.2609375 0.83046875 0.0171875 0.02421875 
2 0.15 0.8390625 0.0171875 0.028125 
2 0.496875 0.84140625 0.03515625 0.05390625 
2 0.2203125 0.83203125 0.02734375 0.02890625 
