2 0.4578125 0.8734375 0.01171875 0.01640625 
2 0.4203125 0.87421875 0.02265625 0.03046875 
2 0.4875 0.88203125 0.02734375 0.028125 
6 0.559375 0.6765625 0.03203125 0.015625 
3 0.07265625 0.8515625 0.14296875 0.15625 
2 0.23828125 0.8859375 0.0265625 0.0453125 
2 0.34140625 0.8890625 0.0296875 0.0390625 
4 0.165625 0.9140625 0.03359375 0.08828125 
2 0.21953125 0.89140625 0.04453125 0.05390625 
2 0.30234375 0.88359375 0.0515625 0.05078125 
2 0.840625 0.91640625 0.15625 0.15546875 
2 0.38984375 0.91875 0.1015625 0.125 
2 0.54921875 0.915625 0.10390625 0.16484375 
17 0.88984375 0.753125 0.01171875 0.04921875 
15 0.4625 0.6828125 0.03359375 0.0171875 
