2 0.425 0.8640625 0.0453125 0.090625 
2 0.4390625 0.85234375 0.04296875 0.08046875 
2 0.36640625 0.83046875 0.04296875 0.04296875 
2 0.28515625 0.825 0.04609375 0.05390625 
2 0.46640625 0.825 0.03046875 0.03515625 
2 0.22890625 0.87421875 0.10234375 0.15 
2 0.40234375 0.896875 0.07421875 0.13125 
2 0.12734375 0.89921875 0.2546875 0.1953125 
2 0.553125 0.9046875 0.31015625 0.190625 
2 0.76796875 0.896875 0.18515625 0.20390625 
2 0.3140625 0.91796875 0.17265625 0.1640625 
7 0.54296875 0.73359375 0.01640625 0.00625 
7 0.509375 0.7359375 0.015625 0.01015625 
