2 0.59921875 0.83828125 0.0109375 0.02421875 
2 0.34296875 0.8375 0.01328125 0.03203125 
2 0.76015625 0.84375 0.02109375 0.0609375 
2 0.49609375 0.84140625 0.01328125 0.03203125 
2 0.43515625 0.8359375 0.02265625 0.02109375 
2 0.39140625 0.83671875 0.01796875 0.021875 
2 0.21875 0.853125 0.0390625 0.04609375 
2 0.934375 0.84296875 0.12890625 0.10078125 
2 0.25859375 0.8515625 0.0359375 0.03984375 
2 0.82734375 0.83671875 0.05625 0.08828125 
2 0.35390625 0.84140625 0.025 0.03203125 
2 0.784375 0.84140625 0.0421875 0.06875 
2 0.52421875 0.89921875 0.090625 0.15 
