2 0.434375 0.85234375 0.01015625 0.02109375 
2 0.346875 0.84453125 0.01796875 0.02890625 
2 0.49921875 0.8515625 0.01484375 0.0390625 
2 0.303125 0.903125 0.09296875 0.178125 
2 0.4046875 0.85546875 0.0234375 0.0296875 
2 0.4484375 0.8484375 0.0203125 0.02890625 
2 0.034375 0.86796875 0.04296875 0.04140625 
2 0.33359375 0.86484375 0.03125 0.04453125 
2 0.09609375 0.89296875 0.07734375 0.07421875 
2 0.0296875 0.9078125 0.05859375 0.10859375 
2 0.47734375 0.86015625 0.0359375 0.05390625 
2 0.365625 0.8734375 0.05078125 0.05703125 
2 0.2203125 0.90078125 0.18203125 0.1984375 
2 0.5453125 0.9109375 0.12421875 0.17578125 
