2 0.04140625 0.8140625 0.03203125 0.03515625 
2 0.6421875 0.8234375 0.0203125 0.0390625 
2 0.60625 0.82890625 0.021875 0.0203125 
2 0.846875 0.8109375 0.021875 0.040625 
2 0.13046875 0.81796875 0.03515625 0.028125 
7 0.553125 0.6859375 0.015625 0.01484375 
7 0.509375 0.6875 0.01640625 0.015625 
2 0.815625 0.81640625 0.02890625 0.0359375 
2 0.37890625 0.88515625 0.06171875 0.1296875 
2 0.24453125 0.89453125 0.14453125 0.20703125 
2 0.48125 0.903125 0.2359375 0.190625 
7 0.5796875 0.7265625 0.015625 0.009375 
