2 0.440625 0.90546875 0.028125 0.05078125 
2 0.071875 0.8859375 0.0265625 0.03203125 
2 0.2515625 0.8890625 0.02734375 0.0390625 
2 0.390625 0.89140625 0.02734375 0.0484375 
2 0.3703125 0.89140625 0.0171875 0.03046875 
2 0.31953125 0.88984375 0.0140625 0.02421875 
2 0.234375 0.89140625 0.05546875 0.04609375 
2 0.890625 0.92265625 0.209375 0.1546875 
2 0.29921875 0.89609375 0.02421875 0.03828125 
2 0.40390625 0.8984375 0.046875 0.05859375 
2 0.70703125 0.92109375 0.1421875 0.15390625 
2 0.5328125 0.9140625 0.19453125 0.16953125 
