2 0.42109375 0.81484375 0.02890625 0.028125 
2 0.36875 0.81875 0.04140625 0.04453125 
2 0.49140625 0.80859375 0.02265625 0.0359375 
2 0.5984375 0.796875 0.04453125 0.04296875 
2 0.4640625 0.85234375 0.03203125 0.0859375 
2 0.48671875 0.82578125 0.02265625 0.0515625 
2 0.53203125 0.80859375 0.034375 0.03125 
2 0.09140625 0.8625 0.1828125 0.26875 
2 0.45078125 0.86796875 0.03125 0.09453125 
2 0.63828125 0.86953125 0.075 0.08984375 
2 0.321875 0.871875 0.08515625 0.11875 
2 0.403125 0.89453125 0.10234375 0.159375 
2 0.5390625 0.90859375 0.1078125 0.178125 
