3 0.52421875 0.82578125 0.04296875 0.09921875 
5 0.2109375 0.85390625 0.0375 0.05546875 
2 0.49765625 0.82421875 0.01328125 0.03046875 
2 0.3359375 0.83828125 0.02734375 0.03515625 
2 0.28671875 0.840625 0.02421875 0.03046875 
2 0.2109375 0.853125 0.03828125 0.0546875 
2 0.1671875 0.859375 0.04609375 0.05078125 
2 0.3046875 0.84140625 0.03046875 0.0359375 
2 0.5609375 0.83203125 0.01796875 0.03828125 
2 0.4765625 0.828125 0.0171875 0.028125 
2 0.00703125 0.8453125 0.0140625 0.0625 
2 0.578125 0.83984375 0.0328125 0.04609375 
2 0.62265625 0.88828125 0.075 0.115625 
15 0.50546875 0.72734375 0.0125 0.0109375 
6 0.5921875 0.78125 0.00625 0.0234375 
