2 0.0171875 0.8078125 0.0296875 0.04140625 
2 0.1046875 0.83125 0.03046875 0.04453125 
2 0.81015625 0.809375 0.0171875 0.0484375 
2 0.22265625 0.840625 0.034375 0.053125 
2 0.5671875 0.83046875 0.0390625 0.04609375 
2 0.51953125 0.8390625 0.0359375 0.05859375 
2 0.68125 0.8234375 0.0203125 0.0265625 
2 0.03203125 0.91171875 0.06171875 0.11640625 
2 0.66328125 0.82421875 0.01796875 0.02578125 
2 0.1984375 0.84140625 0.04296875 0.05390625 
2 0.70625 0.828125 0.02421875 0.0296875 
2 0.125 0.8328125 0.0546875 0.04921875 
3 0.7609375 0.8296875 0.08046875 0.15546875 
2 0.67734375 0.87109375 0.06171875 0.08203125 
