2 0.06953125 0.7671875 0.03671875 0.04140625 
2 0.65078125 0.74609375 0.02109375 0.02890625 
2 0.00703125 0.815625 0.01328125 0.09453125 
2 0.68359375 0.77421875 0.0625 0.06640625 
2 0.540625 0.7921875 0.0671875 0.08984375 
7 0.59609375 0.54609375 0.0171875 0.01796875 
2 0.0453125 0.7765625 0.028125 0.04921875 
2 0.62890625 0.75390625 0.02421875 0.03359375 
2 0.8671875 0.7859375 0.159375 0.11171875 
2 0.4796875 0.77265625 0.03359375 0.05078125 
2 0.4578125 0.7765625 0.03203125 0.046875 
2 0.025 0.8015625 0.05 0.1 
2 0.303125 0.78203125 0.0609375 0.05 
2 0.35703125 0.78828125 0.05859375 0.05546875 
2 0.16953125 0.775 0.05234375 0.0484375 
2 0.08046875 0.84375 0.1140625 0.1203125 
7 0.67890625 0.54375 0.02734375 0.01953125 
