2 0.36484375 0.83125 0.04375 0.04140625 
2 0.43203125 0.85546875 0.05703125 0.09296875 
2 0.28359375 0.828125 0.046875 0.0484375 
2 0.46640625 0.8234375 0.0328125 0.0390625 
2 0.81484375 0.790625 0.025 0.034375 
2 0.40234375 0.89609375 0.07421875 0.12890625 
2 0.228125 0.87421875 0.09921875 0.1515625 
2 0.1265625 0.89921875 0.253125 0.1953125 
2 0.31328125 0.91796875 0.1734375 0.1640625 
2 0.553125 0.9046875 0.31015625 0.190625 
2 0.76796875 0.89765625 0.17265625 0.203125 
7 0.5421875 0.73515625 0.0140625 0.0109375 
7 0.509375 0.7375 0.0171875 0.009375 
