2 0.65234375 0.815625 0.0234375 0.028125 
2 0.70859375 0.821875 0.03515625 0.0515625 
2 0.46796875 0.828125 0.028125 0.03359375 
2 0.3671875 0.8296875 0.0390625 0.040625 
2 0.44375 0.8484375 0.03515625 0.065625 
2 0.1296875 0.90234375 0.24453125 0.18828125 
2 0.240625 0.87265625 0.12421875 0.14921875 
2 0.403125 0.89609375 0.07734375 0.1296875 
2 0.55078125 0.903125 0.3046875 0.19375 
2 0.3140625 0.91796875 0.171875 0.1640625 
7 0.509375 0.7390625 0.0171875 0.00859375 
7 0.5421875 0.7359375 0.015625 0.00859375 
