2 0.23125 0.80078125 0.01953125 0.015625 
2 0.63828125 0.84296875 0.05859375 0.0859375 
2 0.4421875 0.84921875 0.03671875 0.08046875 
2 0.425 0.86484375 0.0421875 0.0890625 
2 0.28359375 0.828125 0.04453125 0.0484375 
2 0.36640625 0.83046875 0.04375 0.04296875 
2 0.46484375 0.828125 0.0296875 0.03671875 
2 0.22578125 0.875 0.09609375 0.1484375 
2 0.18203125 0.81171875 0.0171875 0.02890625 
2 0.403125 0.896875 0.07421875 0.13046875 
2 0.12578125 0.9 0.25078125 0.19453125 
2 0.5546875 0.9046875 0.3109375 0.190625 
2 0.3140625 0.91796875 0.1734375 0.1640625 
7 0.5421875 0.73515625 0.01484375 0.0109375 
7 0.51015625 0.73671875 0.01640625 0.01015625 
