7 0.146875 0.65625 0.01796875 0.01640625 
2 0.45859375 0.8484375 0.01328125 0.01953125 
2 0.64765625 0.83671875 0.0171875 0.03203125 
2 0.47734375 0.84921875 0.00859375 0.01796875 
0 0.99140625 0.92890625 0.015625 0.115625 
2 0.66875 0.83984375 0.02578125 0.03359375 
2 0.44453125 0.8453125 0.015625 0.028125 
2 0.396875 0.8546875 0.01171875 0.04609375 
2 0.728125 0.83203125 0.03203125 0.04921875 
2 0.49453125 0.8484375 0.02734375 0.059375 
3 0.30390625 0.83359375 0.175 0.22578125 
2 0.5390625 0.86015625 0.05 0.10546875 
