2 0.59296875 0.85546875 0.02734375 0.04453125 
2 0.70546875 0.8515625 0.01875 0.034375 
3 0.39140625 0.87109375 0.05625 0.071875 
2 0.0921875 0.85546875 0.03203125 0.04921875 
5 0.390625 0.871875 0.05546875 0.06953125 
2 0.390625 0.871875 0.05703125 0.06953125 
2 0.72109375 0.8453125 0.01484375 0.02421875 
2 0.23125 0.87890625 0.0375 0.03984375 
2 0.0453125 0.86640625 0.0609375 0.06953125 
2 0.75 0.84453125 0.01328125 0.025 
2 0.02109375 0.86875 0.04140625 0.071875 
2 0.453125 0.87109375 0.0421875 0.06640625 
2 0.284375 0.89765625 0.09453125 0.08046875 
2 0.5765625 0.884375 0.0578125 0.09453125 
2 0.53203125 0.871875 0.0328125 0.03828125 
2 0.48828125 0.88125 0.05625 0.059375 
2 0.1546875 0.9234375 0.16796875 0.1359375 
2 0.65625 0.9125 0.13359375 0.1734375 
2 0.9390625 0.90390625 0.121875 0.1359375 
