2 0.28515625 0.86796875 0.01953125 0.03046875 
2 0.3015625 0.87421875 0.02578125 0.03359375 
2 0.63984375 0.875 0.01015625 0.05390625 
2 0.6609375 0.859375 0.02109375 0.03828125 
5 0.3484375 0.86484375 0.06640625 0.1109375 
2 0.6984375 0.8859375 0.06796875 0.11328125 
2 0.4484375 0.88671875 0.0125 0.059375 
3 0.35078125 0.86484375 0.07109375 0.1109375 
2 0.425 0.8890625 0.01875 0.04609375 
2 0.15625 0.8734375 0.03984375 0.046875 
2 0.39921875 0.8921875 0.04921875 0.05625 
17 0.1484375 0.78125 0.0109375 0.05078125 
