2 0.425 0.8484375 0.01640625 0.01875 
2 0.0671875 0.87578125 0.05390625 0.09296875 
2 0.821875 0.85390625 0.025 0.03203125 
3 0.96171875 0.83203125 0.053125 0.10546875 
2 0.653125 0.85078125 0.01640625 0.03046875 
2 0.0046875 0.87265625 0.009375 0.0828125 
2 0.84765625 0.84921875 0.028125 0.03125 
2 0.15703125 0.83828125 0.04921875 0.04609375 
2 0.7984375 0.84921875 0.04765625 0.04921875 
2 0.6703125 0.85546875 0.0359375 0.03828125 
2 0.18125 0.85703125 0.0390625 0.0734375 
2 0.63515625 0.85234375 0.021875 0.03203125 
2 0.99375 0.859375 0.0125 0.05078125 
2 0.40234375 0.85 0.01875 0.02421875 
2 0.50234375 0.85703125 0.021875 0.034375 
2 0.0453125 0.878125 0.090625 0.11484375 
2 0.353125 0.86796875 0.0375 0.05078125 
2 0.10625 0.89140625 0.12421875 0.11328125 
2 0.215625 0.87578125 0.09140625 0.096875 
2 0.31484375 0.87421875 0.05546875 0.06328125 
2 0.5484375 0.90859375 0.09296875 0.1546875 
