2 0.41796875 0.846875 0.02109375 0.0453125 
2 0.196875 0.865625 0.0234375 0.0390625 
2 0.43203125 0.84609375 0.01875 0.03046875 
2 0.46015625 0.8453125 0.02265625 0.03125 
2 0.1328125 0.8796875 0.0265625 0.0609375 
2 0.24609375 0.87890625 0.025 0.05546875 
2 0.48984375 0.8453125 0.028125 0.0390625 
2 0.325 0.8625 0.0375 0.046875 
2 0.2765625 0.87890625 0.07421875 0.08359375 
2 0.39296875 0.88203125 0.08046875 0.13125 
2 0.16875 0.890625 0.078125 0.08125 
2 0.55078125 0.909375 0.1015625 0.17421875 
