2 0.4171875 0.8484375 0.0203125 0.03359375 
2 0.31171875 0.85 0.05078125 0.07578125 
2 0.32421875 0.84609375 0.03046875 0.06015625 
4 0.34140625 0.93125 0.05546875 0.13671875 
2 0.409375 0.83828125 0.03515625 0.03359375 
2 0.403125 0.87421875 0.02734375 0.075 
7 0.55234375 0.69140625 0.01640625 0.01484375 
2 0.603125 0.8734375 0.05625 0.0890625 
7 0.5109375 0.69375 0.01796875 0.015625 
2 0.371875 0.89609375 0.08203125 0.1296875 
2 0.2453125 0.9 0.146875 0.19453125 
2 0.48515625 0.9109375 0.19453125 0.1703125 
7 0.58046875 0.7328125 0.01640625 0.0125 
