2 0.7140625 0.840625 0.021875 0.040625 
2 0.7328125 0.853125 0.02421875 0.0609375 
2 0.3546875 0.8640625 0.02421875 0.034375 
2 0.8890625 0.921875 0.2 0.15625 
2 0.378125 0.86640625 0.02734375 0.0359375 
2 0.77109375 0.87109375 0.06953125 0.11796875 
2 0.19609375 0.85546875 0.05546875 0.071875 
2 0.6984375 0.86328125 0.04296875 0.053125 
8 0.75703125 0.62890625 0.03984375 0.0234375 
8 0.68125 0.63203125 0.03828125 0.01875 
8 0.72890625 0.73671875 0.0203125 0.0109375 
8 0.771875 0.7328125 0.021875 0.01171875 
