2 0.50859375 0.83125 0.01875 0.03203125 
2 0.6265625 0.8109375 0.02421875 0.0296875 
2 0.70859375 0.81328125 0.01875 0.040625 
2 0.73359375 0.80078125 0.01875 0.03828125 
3 0.775 0.8234375 0.06640625 0.14140625 
2 0.775 0.8234375 0.065625 0.14140625 
2 0.54921875 0.83046875 0.01640625 0.0296875 
2 0.3609375 0.8453125 0.03671875 0.05 
2 0.5296875 0.83515625 0.028125 0.040625 
2 0.49296875 0.83203125 0.04140625 0.03984375 
2 0.578125 0.83515625 0.0296875 0.0390625 
2 0.6890625 0.86796875 0.05546875 0.08359375 
