2 0.46796875 0.8546875 0.01015625 0.0203125 
2 0.44296875 0.85703125 0.009375 0.02109375 
2 0.6359375 0.84140625 0.02265625 0.028125 
2 0.59296875 0.85703125 0.021875 0.0515625 
6 0.34765625 0.646875 0.028125 0.0203125 
2 0.65234375 0.8484375 0.03828125 0.04140625 
2 0.4265625 0.853125 0.01796875 0.03125 
2 0.4109375 0.8515625 0.015625 0.02890625 
2 0.39765625 0.8703125 0.021875 0.06640625 
2 0.61484375 0.86953125 0.053125 0.06484375 
2 0.01484375 0.90703125 0.02890625 0.18515625 
2 0.36953125 0.871875 0.05859375 0.09609375 
2 0.3046875 0.88671875 0.0984375 0.13046875 
2 0.53515625 0.909375 0.121875 0.178125 
6 0.5515625 0.7390625 0.01875 0.01015625 
6 0.4984375 0.7421875 0.02109375 0.0109375 
