2 0.01015625 0.84765625 0.01953125 0.08828125 
2 0.6734375 0.8609375 0.015625 0.03828125 
2 0.0828125 0.85625 0.04921875 0.075 
2 0.38828125 0.859375 0.01953125 0.021875 
2 0.72109375 0.86484375 0.05546875 0.0515625 
2 0.65703125 0.86171875 0.021875 0.0390625 
2 0.6890625 0.859375 0.0296875 0.0453125 
2 0.496875 0.865625 0.0203125 0.0359375 
2 0.33671875 0.8640625 0.01953125 0.0296875 
2 0.31640625 0.8640625 0.021875 0.03125 
2 0.034375 0.8921875 0.06875 0.153125 
2 0.1078125 0.8765625 0.08359375 0.11328125 
2 0.2859375 0.88515625 0.05703125 0.06640625 
2 0.2140625 0.8921875 0.08828125 0.08828125 
2 0.5390625 0.9140625 0.09140625 0.153125 
