2 0.44296875 0.846875 0.034375 0.065625 
2 0.33515625 0.8359375 0.04609375 0.0390625 
2 0.365625 0.82890625 0.04296875 0.04140625 
2 0.465625 0.8296875 0.02734375 0.0390625 
2 0.2859375 0.828125 0.04609375 0.04609375 
2 0.40234375 0.89921875 0.07578125 0.13828125 
2 0.22421875 0.871875 0.09140625 0.14921875 
2 0.13125 0.90234375 0.2625 0.1953125 
2 0.55078125 0.90546875 0.3046875 0.1890625 
2 0.31328125 0.91875 0.17265625 0.16171875 
7 0.5421875 0.73515625 0.01640625 0.009375 
7 0.51015625 0.7375 0.01796875 0.009375 
