2 0.78828125 0.846875 0.034375 0.04609375 
2 0.29453125 0.859375 0.021875 0.028125 
2 0.7546875 0.853125 0.03046875 0.04609375 
2 0.840625 0.8453125 0.02734375 0.05 
2 0.49921875 0.85859375 0.01640625 0.0453125 
2 0.20703125 0.86015625 0.03046875 0.05 
2 0.61328125 0.865625 0.03046875 0.04296875 
2 0.2265625 0.8640625 0.03515625 0.0515625 
2 0.64765625 0.86484375 0.0328125 0.04453125 
2 0.3625 0.859375 0.02734375 0.03203125 
2 0.3171875 0.859375 0.02421875 0.03203125 
2 0.2609375 0.8703125 0.04453125 0.04453125 
2 0.53125 0.90703125 0.08671875 0.14453125 
