2 0.125 0.86875 0.02890625 0.03359375 
2 0.70390625 0.85859375 0.03125 0.04296875 
2 0.5578125 0.8390625 0.01328125 0.021875 
2 0.60859375 0.834375 0.021875 0.03359375 
2 0.16875 0.8671875 0.02578125 0.03828125 
2 0.54453125 0.8421875 0.01640625 0.01953125 
2 0.3109375 0.85390625 0.015625 0.021875 
2 0.80078125 0.88203125 0.02578125 0.034375 
2 0.32734375 0.86640625 0.0296875 0.03671875 
2 0.35546875 0.8734375 0.034375 0.05546875 
2 0.20546875 0.91328125 0.10546875 0.1140625 
2 0.44453125 0.88046875 0.06171875 0.1015625 
