2 0.76015625 0.79296875 0.025 0.0359375 
2 0.425 0.86484375 0.04296875 0.0890625 
2 0.365625 0.83125 0.04140625 0.040625 
2 0.43828125 0.85078125 0.04375 0.078125 
2 0.28359375 0.825 0.04609375 0.05390625 
2 0.4640625 0.82890625 0.0265625 0.0390625 
2 0.2265625 0.8734375 0.09453125 0.15 
2 0.1265625 0.9 0.2515625 0.19453125 
2 0.40234375 0.896875 0.07421875 0.13046875 
2 0.675 0.871875 0.084375 0.14296875 
2 0.5546875 0.9046875 0.3203125 0.190625 
2 0.3140625 0.91796875 0.17421875 0.1640625 
11 0.54375 0.734375 0.01328125 0.00859375 
11 0.509375 0.7375 0.015625 0.00859375 
