2 0.5171875 0.85390625 0.0171875 0.040625 
2 0.08359375 0.85 0.084375 0.1515625 
5 0.08359375 0.85 0.08359375 0.1515625 
2 0.4078125 0.85859375 0.01328125 0.028125 
2 0.4984375 0.85703125 0.02578125 0.05 
2 0.43984375 0.84921875 0.0125 0.028125 
2 0.42890625 0.85390625 0.0125 0.025 
2 0.41875 0.85703125 0.01484375 0.02578125 
2 0.37734375 0.8640625 0.0171875 0.03359375 
2 0.39375 0.859375 0.01796875 0.03359375 
2 0.35625 0.86484375 0.03125 0.04453125 
2 0.32265625 0.871875 0.04140625 0.0484375 
2 0.17578125 0.89140625 0.08203125 0.078125 
2 0.46328125 0.86953125 0.05078125 0.07578125 
2 0.56328125 0.91015625 0.1375 0.178125 
