2 0.415625 0.81953125 0.02890625 0.025 
2 0.759375 0.79296875 0.02578125 0.0359375 
2 0.284375 0.8265625 0.04609375 0.05078125 
2 0.4421875 0.8484375 0.03515625 0.0734375 
2 0.42421875 0.86640625 0.04140625 0.08515625 
2 0.36640625 0.83125 0.0421875 0.04140625 
2 0.46640625 0.82421875 0.03046875 0.03671875 
2 0.2359375 0.8734375 0.1140625 0.15078125 
2 0.07421875 0.8984375 0.146875 0.196875 
2 0.4015625 0.89609375 0.071875 0.128125 
2 0.5546875 0.9046875 0.315625 0.190625 
2 0.31328125 0.91796875 0.1734375 0.1640625 
7 0.54140625 0.73515625 0.01484375 0.00859375 
7 0.51015625 0.7375 0.01484375 0.0078125 
