2 0.990625 0.84453125 0.01640625 0.11484375 
5 0.309375 0.84296875 0.0234375 0.04453125 
2 0.4078125 0.84296875 0.0125 0.01875 
2 0.35 0.8484375 0.02890625 0.04921875 
2 0.33203125 0.84921875 0.00859375 0.02890625 
3 0.35 0.83984375 0.03515625 0.06640625 
2 0.45546875 0.846875 0.02265625 0.02578125 
2 0.3765625 0.8515625 0.01796875 0.034375 
2 0.46875 0.86171875 0.02109375 0.04296875 
2 0.42578125 0.853125 0.02265625 0.04609375 
2 0.309375 0.84296875 0.0234375 0.04453125 
2 0.04375 0.88125 0.08671875 0.0859375 
2 0.384375 0.86640625 0.02734375 0.04296875 
2 0.6546875 0.9015625 0.096875 0.115625 
2 0.521875 0.9125 0.134375 0.175 
