2 0.4890625 0.85625 0.01328125 0.01953125 
2 0.7265625 0.86171875 0.025 0.05859375 
2 0.80078125 0.85625 0.01640625 0.03515625 
5 0.53203125 0.8734375 0.06953125 0.13984375 
2 0.859375 0.85234375 0.04375 0.0640625 
2 0.53203125 0.8734375 0.06953125 0.13984375 
6 0.5609375 0.684375 0.02265625 0.015625 
2 0.44140625 0.8609375 0.01484375 0.0203125 
6 0.50078125 0.6859375 0.02265625 0.01640625 
2 0.70546875 0.86484375 0.05234375 0.06640625 
2 0.76875 0.8609375 0.07734375 0.0859375 
17 0.6703125 0.775 0.00859375 0.0390625 
