2 0.21484375 0.85859375 0.015625 0.03515625 
2 0.4375 0.8453125 0.01796875 0.02421875 
2 0.02734375 0.88515625 0.053125 0.09296875 
2 0.428125 0.846875 0.01484375 0.03125 
2 0.46796875 0.84296875 0.01875 0.03046875 
2 0.24921875 0.8765625 0.0296875 0.06015625 
2 0.48984375 0.84453125 0.02734375 0.03984375 
2 0.34375 0.8625 0.03203125 0.05625 
2 0.39296875 0.8859375 0.08671875 0.13125 
2 0.2296875 0.8796875 0.04921875 0.06640625 
2 0.3 0.86796875 0.04375 0.04921875 
2 0.5515625 0.9109375 0.1015625 0.1703125 
