2 0.15 0.83984375 0.04921875 0.11328125 
2 0.3953125 0.8234375 0.0171875 0.02109375 
2 0.41875 0.834375 0.01015625 0.021875 
2 0.32265625 0.89296875 0.09609375 0.20703125 
2 0.3625 0.853125 0.02734375 0.04296875 
2 0.38125 0.84609375 0.0171875 0.0296875 
2 0.43125 0.8484375 0.0234375 0.05078125 
2 0.47109375 0.85625 0.028125 0.046875 
2 0.61171875 0.878125 0.0625 0.0640625 
2 0.090625 0.91796875 0.06328125 0.128125 
2 0.4390625 0.86171875 0.0359375 0.05859375 
2 0.05390625 0.9265625 0.10703125 0.14609375 
2 0.525 0.9234375 0.16015625 0.15 
6 0.5078125 0.709375 0.021875 0.01015625 
6 0.46640625 0.71328125 0.0234375 0.01171875 
6 0.603125 0.775 0.009375 0.03125 
