2 0.2390625 0.85703125 0.02578125 0.03046875 
2 0.29921875 0.853125 0.02265625 0.03125 
2 0.471875 0.840625 0.02109375 0.034375 
2 0.3828125 0.84921875 0.01953125 0.03046875 
2 0.2625 0.853125 0.05859375 0.04140625 
2 0.32734375 0.84921875 0.02578125 0.02890625 
2 0.1359375 0.89140625 0.08828125 0.08515625 
2 0.359375 0.871875 0.04765625 0.06328125 
2 0.42265625 0.8640625 0.04921875 0.09140625 
2 0.51796875 0.91875 0.16875 0.15625 
7 0.47109375 0.740625 0.0140625 0.00859375 
7 0.43984375 0.74296875 0.01640625 0.00625 
