2 0.68828125 0.890625 0.03515625 0.0484375 
2 0.0765625 0.85078125 0.12734375 0.25390625 
2 0.38515625 0.84453125 0.01796875 0.04140625 
2 0.4171875 0.8375 0.01171875 0.0265625 
2 0.434375 0.84921875 0.021875 0.05 
2 0.4765625 0.86328125 0.03203125 0.05546875 
2 0.58359375 0.88203125 0.03828125 0.06484375 
2 0.153125 0.928125 0.08984375 0.140625 
2 0.44296875 0.86484375 0.03515625 0.059375 
2 0.296875 0.89609375 0.19140625 0.20703125 
2 0.52421875 0.925 0.1671875 0.14609375 
17 0.59453125 0.7859375 0.0078125 0.03046875 
6 0.50625 0.72109375 0.0203125 0.0125 
6 0.46640625 0.725 0.0203125 0.01015625 
