2 0.5578125 0.8375 0.025 0.034375 
2 0.70078125 0.83671875 0.015625 0.0234375 
2 0.23671875 0.846875 0.01875 0.03125 
2 0.41328125 0.86796875 0.0375 0.06015625 
2 0.74921875 0.8359375 0.01328125 0.02421875 
2 0.6890625 0.84453125 0.01171875 0.02421875 
2 0.34453125 0.8546875 0.0171875 0.03359375 
2 0.79296875 0.834375 0.0140625 0.0265625 
2 0.3 0.8828125 0.06640625 0.084375 
2 0.265625 0.884375 0.05234375 0.10546875 
2 0.7640625 0.8359375 0.01328125 0.02421875 
2 0.365625 0.85 0.0390625 0.05703125 
2 0.32265625 0.86640625 0.03984375 0.07109375 
2 0.7296875 0.840625 0.0171875 0.028125 
2 0.4859375 0.87109375 0.03671875 0.04453125 
5 0.1765625 0.9 0.1984375 0.2 
2 0.66796875 0.87578125 0.04765625 0.07890625 
2 0.82421875 0.87421875 0.059375 0.078125 
2 0.8640625 0.87578125 0.06328125 0.078125 
2 0.44140625 0.88203125 0.06796875 0.065625 
2 0.17578125 0.89921875 0.20078125 0.20078125 
2 0.03984375 0.90546875 0.07890625 0.1203125 
2 0.5296875 0.8859375 0.0578125 0.10546875 
2 0.6015625 0.91484375 0.125 0.1703125 
