2 0.76015625 0.875 0.17421875 0.24609375 
2 0.0484375 0.91796875 0.09296875 0.1546875 
2 0.4125 0.83046875 0.04140625 0.071875 
2 0.46953125 0.82734375 0.0359375 0.04921875 
2 0.65078125 0.884375 0.06015625 0.14296875 
2 0.11875 0.9265625 0.18046875 0.1390625 
2 0.4390625 0.87265625 0.0546875 0.0953125 
2 0.21953125 0.86953125 0.06484375 0.07578125 
2 0.3578125 0.91015625 0.13203125 0.17578125 
2 0.54140625 0.909375 0.23671875 0.18125 
11 0.53671875 0.74375 0.0140625 0.01015625 
11 0.5015625 0.74765625 0.01875 0.01015625 
