2 0.45390625 0.8390625 0.01328125 0.025 
2 0.846875 0.915625 0.05625 0.0859375 
2 0.46640625 0.84296875 0.0140625 0.028125 
2 0.08984375 0.853125 0.04609375 0.06328125 
0 0.0703125 0.865625 0.01015625 0.0765625 
2 0.4296875 0.84140625 0.03671875 0.06328125 
2 0.38984375 0.846875 0.01875 0.028125 
2 0.32734375 0.85078125 0.021875 0.03359375 
2 0.34765625 0.878125 0.05625 0.0703125 
2 0.4171875 0.878125 0.05703125 0.09609375 
2 0.53125 0.921875 0.22890625 0.15546875 
7 0.4828125 0.734375 0.015625 0.009375 
7 0.45 0.7359375 0.0171875 0.0078125 
