2 0.475 0.84375 0.04140625 0.0390625 
2 0.99453125 0.84296875 0.0109375 0.0953125 
2 0.4546875 0.83515625 0.01328125 0.0296875 
2 0.38828125 0.83046875 0.01171875 0.0203125 
2 0.203125 0.83046875 0.0625 0.09921875 
2 0.95859375 0.84765625 0.08125 0.10859375 
2 0.409375 0.83046875 0.01484375 0.034375 
2 0.58046875 0.86640625 0.05 0.071875 
6 0.4609375 0.615625 0.03203125 0.02109375 
2 0.3453125 0.84453125 0.0234375 0.03515625 
2 0.428125 0.84609375 0.0296875 0.05546875 
2 0.29921875 0.85 0.03515625 0.0484375 
2 0.91640625 0.8515625 0.08125 0.11484375 
2 0.240625 0.865625 0.08046875 0.09921875 
2 0.5140625 0.91796875 0.16328125 0.15859375 
6 0.53515625 0.609375 0.0375 0.0203125 
17 0.71328125 0.70625 0.01640625 0.06640625 
17 0.690625 0.71640625 0.0171875 0.0703125 
17 0.96015625 0.53203125 0.0328125 0.0953125 
