2 0.884375 0.8234375 0.02734375 0.03828125 
2 0.43828125 0.86484375 0.01640625 0.02578125 
15 0.72734375 0.24375 0.015625 0.02890625 
0 0.85546875 0.9 0.03125 0.18125 
7 0.56015625 0.69921875 0.01796875 0.01640625 
7 0.51328125 0.7015625 0.01796875 0.015625 
2 0.453125 0.88125 0.02265625 0.05 
2 0.41953125 0.90234375 0.04765625 0.09921875 
2 0.64609375 0.8796875 0.04921875 0.078125 
2 0.59375 0.903125 0.07265625 0.1 
2 0.14921875 0.90625 0.1765625 0.1859375 
2 0.365625 0.92265625 0.109375 0.14921875 
2 0.50390625 0.92265625 0.1578125 0.1546875 
7 0.5859375 0.74296875 0.01640625 0.0109375 
