2 0.365625 0.884375 0.0109375 0.028125 
2 0.5015625 0.8859375 0.03203125 0.09140625 
2 0.1578125 0.8890625 0.0296875 0.04609375 
2 0.2703125 0.8890625 0.04921875 0.03984375 
3 0.42265625 0.8625 0.04296875 0.09375 
2 0.35390625 0.88515625 0.00859375 0.01484375 
2 0.42265625 0.8640625 0.04375 0.090625 
2 0.68515625 0.9 0.071875 0.1296875 
2 0.65 0.8640625 0.03515625 0.05390625 
2 0.31953125 0.89375 0.01875 0.028125 
2 0.37265625 0.8859375 0.015625 0.0296875 
2 0.4734375 0.88671875 0.04296875 0.06953125 
2 0.38984375 0.88828125 0.01796875 0.028125 
2 0.11796875 0.9265625 0.1125 0.128125 
2 0.7984375 0.91015625 0.2 0.1796875 
2 0.5671875 0.909375 0.18203125 0.1765625 
