2 0.6359375 0.83046875 0.05625 0.05625 
2 0.41796875 0.803125 0.046875 0.03359375 
2 0.2859375 0.840625 0.03046875 0.05625 
2 0.74609375 0.81953125 0.04453125 0.06875 
4 0.6515625 0.87890625 0.02265625 0.06640625 
2 0.3421875 0.803125 0.0515625 0.0390625 
2 0.1515625 0.809375 0.03046875 0.03359375 
2 0.98046875 0.853125 0.0390625 0.078125 
2 0.05078125 0.83828125 0.07109375 0.06015625 
2 0.8375 0.82890625 0.078125 0.0765625 
2 0.2203125 0.82578125 0.03203125 0.05546875 
2 0.2609375 0.8171875 0.03515625 0.04921875 
2 0.10703125 0.834375 0.0546875 0.075 
2 0.2 0.84140625 0.04140625 0.059375 
2 0.5578125 0.92578125 0.16875 0.14453125 
15 0.5828125 0.66953125 0.0171875 0.01171875 
15 0.5359375 0.67265625 0.0171875 0.01015625 
