2 0.6421875 0.79453125 0.0265625 0.0359375 
3 0.4265625 0.78046875 0.08046875 0.18671875 
2 0.484375 0.86796875 0.0359375 0.11015625 
2 0.01015625 0.79765625 0.0203125 0.04140625 
8 0.5046875 0.48671875 0.05078125 0.025 
2 0.95390625 0.77578125 0.0640625 0.12109375 
2 0.3046875 0.803125 0.00703125 0.01640625 
2 0.48203125 0.79921875 0.02578125 0.04140625 
2 0.1984375 0.8140625 0.03203125 0.03671875 
2 0.546875 0.790625 0.03359375 0.034375 
8 0.4046875 0.48984375 0.04921875 0.0296875 
2 0.32578125 0.80703125 0.0140625 0.021875 
2 0.93359375 0.78046875 0.0453125 0.11640625 
2 0.35703125 0.803125 0.02578125 0.03125 
2 0.9828125 0.77578125 0.02421875 0.12578125 
2 0.103125 0.834375 0.05234375 0.071875 
2 0.28671875 0.80625 0.03046875 0.0390625 
2 0.16015625 0.853125 0.1078125 0.1203125 
2 0.58203125 0.89453125 0.26953125 0.21015625 
