2 0.134375 0.8578125 0.03046875 0.0546875 
2 0.56171875 0.8390625 0.01015625 0.03046875 
2 0.48203125 0.840625 0.01015625 0.021875 
2 0.49296875 0.8390625 0.01328125 0.0265625 
2 0.27890625 0.8421875 0.03203125 0.0453125 
6 0.4546875 0.4203125 0.0515625 0.03515625 
2 0.45859375 0.84609375 0.02109375 0.028125 
2 0.4734375 0.84140625 0.0125 0.02421875 
2 0.0375 0.85234375 0.05546875 0.0640625 
2 0.4515625 0.84921875 0.02265625 0.028125 
2 0.31171875 0.84609375 0.02578125 0.03046875 
2 0.18046875 0.853125 0.05234375 0.053125 
2 0.92578125 0.909375 0.1484375 0.18046875 
2 0.50546875 0.84140625 0.01875 0.0453125 
2 0.4015625 0.85703125 0.03046875 0.0515625 
2 0.11796875 0.859375 0.06171875 0.06640625 
2 0.41875 0.8703125 0.04375 0.0609375 
2 0.615625 0.86640625 0.0359375 0.08203125 
2 0.659375 0.88046875 0.08125 0.11875 
16 0.8421875 0.6640625 0.02578125 0.09609375 
6 0.60234375 0.6734375 0.02265625 0.015625 
6 0.52578125 0.6796875 0.021875 0.01875 
