0 0.16640625 0.87109375 0.00859375 0.071875 
2 0.1546875 0.853125 0.01953125 0.0453125 
2 0.58359375 0.8453125 0.01484375 0.03359375 
0 0.18125 0.87421875 0.00703125 0.06796875 
2 0.6125 0.84609375 0.0234375 0.034375 
2 0.70078125 0.834375 0.01796875 0.03046875 
2 0.74765625 0.825 0.015625 0.03125 
2 0.63515625 0.84140625 0.0375 0.0390625 
2 0.75703125 0.8265625 0.01875 0.03203125 
2 0.6 0.84453125 0.02890625 0.03984375 
2 0.565625 0.84453125 0.0203125 0.0359375 
2 0.521875 0.85234375 0.01640625 0.03046875 
2 0.6796875 0.840625 0.03515625 0.03828125 
2 0.7265625 0.83125 0.0328125 0.0390625 
2 0.40390625 0.89609375 0.0859375 0.1296875 
17 0.590625 0.77421875 0.00859375 0.0359375 
11 0.53671875 0.69921875 0.02734375 0.015625 
11 0.48046875 0.70078125 0.0265625 0.0140625 
