2 0.540625 0.83671875 0.01328125 0.01953125 
2 0.47890625 0.8484375 0.009375 0.021875 
2 0.5703125 0.83203125 0.01796875 0.0234375 
2 0.20078125 0.8625 0.01484375 0.03046875 
2 0.6171875 0.8296875 0.01796875 0.028125 
2 0.1875 0.8609375 0.02265625 0.0296875 
2 0.5875 0.83203125 0.01640625 0.021875 
2 0.55390625 0.834375 0.01328125 0.0234375 
2 0.37890625 0.86328125 0.028125 0.0453125 
2 0.3203125 0.88203125 0.0578125 0.06875 
2 0.125 0.89609375 0.08671875 0.0890625 
2 0.45234375 0.87578125 0.06015625 0.096875 
