2 0.60859375 0.8375 0.01953125 0.02890625 
2 0.58046875 0.86796875 0.034375 0.08984375 
4 0.89609375 0.8515625 0.01875 0.075 
2 0.06171875 0.81875 0.040625 0.03671875 
2 0.82265625 0.8171875 0.0296875 0.03984375 
2 0.3578125 0.85625 0.0390625 0.05703125 
7 0.51015625 0.6890625 0.01640625 0.015625 
7 0.5515625 0.68828125 0.015625 0.015625 
2 0.85625 0.81875 0.025 0.03359375 
2 0.11015625 0.86640625 0.10546875 0.10859375 
2 0.4640625 0.9046875 0.3171875 0.190625 
2 0.25703125 0.89921875 0.14765625 0.2 
7 0.57890625 0.7296875 0.01484375 0.0125 
