2 0.76640625 0.88359375 0.02734375 0.05546875 
2 0.53515625 0.896875 0.0359375 0.046875 
2 0.45859375 0.903125 0.021875 0.034375 
2 0.0796875 0.8625 0.01328125 0.02109375 
7 0.30546875 0.75546875 0.015625 0.015625 
5 0.3703125 0.896875 0.06796875 0.103125 
2 0.36953125 0.89609375 0.06796875 0.10390625 
2 0.778125 0.884375 0.04453125 0.065625 
2 0.059375 0.86328125 0.0234375 0.028125 
2 0.434375 0.9015625 0.046875 0.0484375 
2 0.1328125 0.871875 0.03671875 0.04296875 
2 0.27578125 0.8875 0.05625 0.0640625 
