2 0.62734375 0.75234375 0.02109375 0.03203125 
2 0.60234375 0.75 0.0203125 0.03671875 
2 0.80546875 0.7984375 0.04140625 0.08125 
2 0.00546875 0.815625 0.0109375 0.09375 
2 0.65 0.7484375 0.0203125 0.0296875 
2 0.58671875 0.753125 0.02578125 0.0390625 
2 0.0515625 0.7828125 0.04453125 0.06015625 
2 0.6203125 0.75546875 0.01953125 0.0296875 
2 0.0234375 0.80390625 0.046875 0.0984375 
7 0.59609375 0.54609375 0.0171875 0.01875 
2 0.17109375 0.7765625 0.0390625 0.0453125 
2 0.2859375 0.77890625 0.04453125 0.04921875 
2 0.4125 0.78359375 0.03046875 0.04453125 
2 0.51953125 0.775 0.0328125 0.06328125 
2 0.44375 0.78359375 0.03515625 0.03828125 
2 0.15 0.81953125 0.0546875 0.1015625 
2 0.23828125 0.78125 0.07421875 0.05625 
2 0.5421875 0.79765625 0.06171875 0.06953125 
2 0.75625 0.80703125 0.13359375 0.1046875 
2 0.0796875 0.84296875 0.11328125 0.1234375 
7 0.67890625 0.5421875 0.02890625 0.02109375 
