2 0.42421875 0.796875 0.01640625 0.02578125 
2 0.4765625 0.81015625 0.02109375 0.03359375 
2 0.640625 0.88203125 0.1203125 0.17578125 
2 0.30703125 0.8015625 0.015625 0.0265625 
2 0.42734375 0.81796875 0.02265625 0.0390625 
2 0.43125 0.803125 0.02265625 0.03359375 
2 0.4640625 0.79921875 0.01875 0.02890625 
2 0.29765625 0.884375 0.03984375 0.08203125 
5 0.64140625 0.88125 0.11875 0.178125 
2 0.38984375 0.79609375 0.01640625 0.0265625 
2 0.22890625 0.88046875 0.02890625 0.04375 
2 0.09375 0.87421875 0.03125 0.05625 
2 0.34375 0.903125 0.09453125 0.13515625 
2 0.2625 0.90703125 0.06640625 0.10546875 
2 0.5046875 0.90859375 0.15546875 0.17578125 
2 0.159375 0.91875 0.15546875 0.1609375 
6 0.4109375 0.70546875 0.01953125 0.01015625 
6 0.446875 0.7015625 0.01640625 0.0109375 
