2 0.78359375 0.85390625 0.021875 0.02890625 
2 0.44921875 0.84140625 0.025 0.03515625 
6 0.59921875 0.71015625 0.021875 0.01171875 
6 0.575 0.615625 0.028125 0.0234375 
6 0.50390625 0.61953125 0.03046875 0.0203125 
2 0.62421875 0.85546875 0.02734375 0.0484375 
2 0.97734375 0.828125 0.04453125 0.05 
2 0.921875 0.83359375 0.03515625 0.05 
2 0.3359375 0.859375 0.0421875 0.0515625 
2 0.14296875 0.8984375 0.2859375 0.203125 
2 0.6 0.890625 0.04453125 0.103125 
2 0.28125 0.9078125 0.11953125 0.134375 
2 0.39453125 0.91171875 0.0875 0.15703125 
2 0.5109375 0.9125 0.19375 0.175 
