2 0.125 0.75625 0.015625 0.03125 
2 0.31328125 0.8 0.02421875 0.03359375 
2 0.20234375 0.8015625 0.01953125 0.04375 
2 0.3375 0.8109375 0.02890625 0.03828125 
2 0.290625 0.828125 0.025 0.0484375 
2 0.38359375 0.81796875 0.02421875 0.05 
2 0.3640625 0.83359375 0.0453125 0.0515625 
2 0.56796875 0.84296875 0.05 0.0734375 
2 0.32265625 0.83515625 0.0484375 0.05546875 
2 0.434375 0.834375 0.04609375 0.04921875 
2 0.51875 0.9078125 0.140625 0.184375 
2 0.91796875 0.878125 0.1640625 0.24375 
11 0.5265625 0.6625 0.02890625 0.015625 
11 0.465625 0.665625 0.02890625 0.01640625 
