2 0.45859375 0.8015625 0.01796875 0.02890625 
2 0.37890625 0.79140625 0.01171875 0.028125 
2 0.63359375 0.8765625 0.08359375 0.15546875 
2 0.34140625 0.81328125 0.0203125 0.0359375 
2 0.15078125 0.8734375 0.02109375 0.03984375 
2 0.41484375 0.79453125 0.0125 0.0203125 
2 0.42109375 0.828125 0.02421875 0.04140625 
2 0.115625 0.87265625 0.05390625 0.06171875 
2 0.4265625 0.80390625 0.0265625 0.03203125 
2 0.471875 0.81171875 0.02265625 0.0359375 
5 0.6328125 0.8765625 0.084375 0.15625 
2 0.38828125 0.7953125 0.01484375 0.028125 
4 0.10859375 0.91328125 0.02890625 0.0703125 
2 0.5125 0.909375 0.15234375 0.178125 
2 0.3265625 0.90625 0.11171875 0.16015625 
2 0.2140625 0.9109375 0.11640625 0.1484375 
