2 0.6890625 0.8546875 0.01328125 0.02421875 
2 0.44140625 0.86953125 0.021875 0.075 
6 0.596875 0.70859375 0.0234375 0.01015625 
6 0.5734375 0.61640625 0.0359375 0.01875 
2 0.31875 0.86640625 0.0328125 0.03984375 
2 0.671875 0.85 0.01640625 0.03125 
6 0.50234375 0.615625 0.0296875 0.021875 
2 0.625 0.85546875 0.028125 0.046875 
2 0.36875 0.85703125 0.02421875 0.03828125 
2 0.28359375 0.90390625 0.10078125 0.125 
2 0.97890625 0.828125 0.0421875 0.04921875 
2 0.921875 0.834375 0.034375 0.05 
2 0.6 0.8875 0.04453125 0.096875 
2 0.14609375 0.8984375 0.2921875 0.203125 
2 0.4 0.90859375 0.07890625 0.14609375 
2 0.51484375 0.91328125 0.18828125 0.1734375 
