2 0.41953125 0.8515625 0.0125 0.03046875 
2 0.4 0.86015625 0.01484375 0.028125 
2 0.49765625 0.85390625 0.0171875 0.03671875 
2 0.321875 0.8734375 0.0140625 0.0390625 
2 0.41328125 0.85625 0.015625 0.02890625 
2 0.3890625 0.86328125 0.01640625 0.03046875 
2 0.37265625 0.8640625 0.02265625 0.034375 
2 0.34375 0.86640625 0.03046875 0.04609375 
2 0.31015625 0.875 0.025 0.04609375 
2 0.471875 0.865625 0.04375 0.065625 
2 0.078125 0.89453125 0.15546875 0.21015625 
2 0.2046875 0.89140625 0.07109375 0.06953125 
2 0.2703125 0.8765625 0.05859375 0.06796875 
2 0.5484375 0.9140625 0.12421875 0.171875 
