2 0.43671875 0.85078125 0.046875 0.08203125 
2 0.465625 0.825 0.03046875 0.040625 
2 0.365625 0.83046875 0.03984375 0.040625 
2 0.8140625 0.790625 0.025 0.034375 
2 0.28203125 0.828125 0.04140625 0.046875 
2 0.22734375 0.8734375 0.1 0.15 
2 0.4015625 0.89609375 0.07578125 0.1296875 
2 0.12734375 0.89921875 0.25390625 0.196875 
2 0.553125 0.9046875 0.309375 0.190625 
2 0.31328125 0.91796875 0.1734375 0.1640625 
2 0.76640625 0.89765625 0.1734375 0.2046875 
7 0.5421875 0.734375 0.015625 0.0109375 
7 0.509375 0.73828125 0.0140625 0.01171875 
