2 0.640625 0.74453125 0.02109375 0.0296875 
7 0.58828125 0.5609375 0.015625 0.01640625 
2 0.096875 0.76328125 0.05078125 0.04375 
2 0.6109375 0.7453125 0.02421875 0.03359375 
2 0.44765625 0.77421875 0.05234375 0.040625 
2 0.34609375 0.771875 0.06328125 0.0515625 
2 0.078125 0.80859375 0.04609375 0.090625 
2 0.8484375 0.78203125 0.065625 0.11328125 
2 0.178125 0.7859375 0.04453125 0.053125 
2 0.70859375 0.79453125 0.10546875 0.0859375 
2 0.0359375 0.8234375 0.07109375 0.1234375 
2 0.546875 0.909375 0.146875 0.17890625 
7 0.665625 0.5609375 0.02734375 0.0203125 
