2 0.7875 0.8390625 0.03359375 0.0609375 
2 0.61640625 0.82890625 0.0125 0.0234375 
2 0.3375 0.8375 0.0203125 0.03203125 
6 0.59921875 0.71015625 0.01328125 0.01484375 
2 0.59296875 0.85703125 0.025 0.05859375 
6 0.52109375 0.653125 0.021875 0.01796875 
2 0.62890625 0.8265625 0.01640625 0.0265625 
6 0.5765625 0.653125 0.01640625 0.01640625 
2 0.32421875 0.84609375 0.03984375 0.053125 
2 0.44375 0.8515625 0.02890625 0.0453125 
2 0.9640625 0.803125 0.01796875 0.04296875 
2 0.60078125 0.8265625 0.01875 0.03046875 
2 0.57734375 0.8671875 0.0421875 0.084375 
2 0.75625 0.84375 0.05 0.0796875 
2 0.6671875 0.8734375 0.08046875 0.09921875 
2 0.38125 0.88671875 0.08359375 0.14453125 
2 0.2671875 0.9 0.19921875 0.2 
2 0.5078125 0.90625 0.16953125 0.18203125 
