2 0.53828125 0.79921875 0.03046875 0.02890625 
2 0.36328125 0.796875 0.02734375 0.03515625 
2 0.4890625 0.80546875 0.0234375 0.040625 
2 0.4046875 0.8109375 0.03515625 0.03046875 
2 0.48359375 0.82578125 0.02578125 0.06953125 
2 0.06953125 0.85390625 0.1375 0.284375 
2 0.46875 0.834375 0.03203125 0.075 
2 0.45078125 0.85859375 0.040625 0.09453125 
2 0.61796875 0.8390625 0.059375 0.07109375 
2 0.421875 0.8796875 0.0578125 0.121875 
2 0.23828125 0.884375 0.07890625 0.15625 
2 0.3390625 0.90078125 0.16953125 0.19453125 
2 0.54375 0.90390625 0.12734375 0.18984375 
7 0.51171875 0.72578125 0.01328125 0.009375 
7 0.5421875 0.72421875 0.01484375 0.00859375 
