2 0.678125 0.85859375 0.02421875 0.034375 
2 0.55625 0.8640625 0.01640625 0.03203125 
2 0.31796875 0.85546875 0.01796875 0.02421875 
2 0.2765625 0.86015625 0.01796875 0.028125 
2 0.271875 0.9015625 0.04375 0.10390625 
6 0.47265625 0.690625 0.02890625 0.01640625 
2 0.19375 0.88203125 0.02265625 0.07109375 
2 0.47890625 0.878125 0.02265625 0.06484375 
2 0.296875 0.8609375 0.02421875 0.03125 
2 0.02890625 0.90859375 0.05703125 0.12421875 
2 0.2375 0.90546875 0.10546875 0.1296875 
2 0.15625 0.88125 0.05390625 0.08125 
2 0.51875 0.90859375 0.0921875 0.15546875 
6 0.5375 0.68515625 0.028125 0.01484375 
6 0.41484375 0.7453125 0.01796875 0.009375 
