2 0.62890625 0.8328125 0.01328125 0.02890625 
6 0.584375 0.7265625 0.01015625 0.01171875 
2 0.54140625 0.83046875 0.0125 0.0203125 
2 0.55546875 0.83125 0.01484375 0.0234375 
6 0.54765625 0.728125 0.01171875 0.01328125 
2 0.52578125 0.8375 0.0171875 0.025 
2 0.01640625 0.90859375 0.03203125 0.16875 
2 0.1328125 0.878125 0.08671875 0.0984375 
2 0.62109375 0.85625 0.02421875 0.06171875 
2 0.50390625 0.8390625 0.02265625 0.02890625 
2 0.44296875 0.8453125 0.034375 0.04609375 
2 0.58515625 0.884375 0.07734375 0.13046875 
2 0.23046875 0.91796875 0.2859375 0.1640625 
