6 0.46171875 0.6640625 0.01328125 0.01484375 
6 0.503125 0.66328125 0.0203125 0.0109375 
5 0.72109375 0.88203125 0.11328125 0.23515625 
2 0.434375 0.865625 0.04453125 0.08203125 
2 0.371875 0.79296875 0.01328125 0.02578125 
2 0.459375 0.7859375 0.01640625 0.021875 
2 0.47890625 0.78984375 0.01953125 0.03515625 
2 0.34140625 0.7953125 0.01875 0.03125 
2 0.41796875 0.78359375 0.01796875 0.0265625 
2 0.384375 0.7984375 0.0234375 0.034375 
2 0.01640625 0.88671875 0.03203125 0.10390625 
2 0.2734375 0.871875 0.0734375 0.08515625 
2 0.5203125 0.909375 0.18046875 0.17890625 
2 0.1734375 0.92578125 0.1734375 0.1484375 
