2 0.4546875 0.85234375 0.01796875 0.03203125 
5 0.68203125 0.896875 0.06875 0.18984375 
2 0.91484375 0.940625 0.071875 0.10859375 
2 0.06875 0.8625 0.04140625 0.053125 
2 0.15 0.8734375 0.05703125 0.084375 
2 0.38515625 0.9015625 0.07265625 0.15859375 
2 0.43359375 0.87109375 0.03671875 0.0734375 
2 0.03984375 0.90078125 0.078125 0.10546875 
2 0.5296875 0.9265625 0.19453125 0.14453125 
6 0.4828125 0.740625 0.0171875 0.00859375 
6 0.44921875 0.74375 0.01640625 0.0078125 
17 0.55625 0.796875 0.00546875 0.0265625 
