2 0.63046875 0.88125 0.0140625 0.021875 
2 0.26328125 0.9015625 0.03515625 0.0546875 
2 0.6109375 0.8875 0.01484375 0.03203125 
2 0.70078125 0.89375 0.0453125 0.046875 
2 0.60234375 0.8890625 0.02109375 0.03125 
2 0.434375 0.88671875 0.02109375 0.046875 
2 0.6421875 0.88125 0.015625 0.021875 
2 0.4 0.91875 0.04609375 0.1296875 
2 0.65859375 0.88046875 0.0171875 0.0296875 
2 0.2453125 0.90078125 0.06328125 0.06171875 
6 0.484375 0.52890625 0.0546875 0.02890625 
2 0.45234375 0.88984375 0.025 0.05703125 
2 0.46796875 0.903125 0.03828125 0.06875 
2 0.35703125 0.9234375 0.1 0.15 
2 0.5390625 0.92265625 0.13359375 0.15078125 
17 0.8015625 0.73125 0.01640625 0.0703125 
