2 0.64765625 0.81328125 0.02265625 0.02578125 
2 0.77109375 0.83125 0.021875 0.06640625 
2 0.71484375 0.8234375 0.0140625 0.03125 
2 0.7515625 0.82578125 0.02109375 0.034375 
2 0.003125 0.859375 0.00625 0.09296875 
6 0.7140625 0.371875 0.0546875 0.040625 
2 0.565625 0.85703125 0.0359375 0.05546875 
2 0.67578125 0.834375 0.02890625 0.03359375 
2 0.4609375 0.86640625 0.0546875 0.06953125 
2 0.70078125 0.82890625 0.02578125 0.03515625 
2 0.50625 0.86171875 0.07109375 0.0734375 
2 0.26328125 0.86796875 0.075 0.075 
2 0.62109375 0.88125 0.103125 0.13046875 
6 0.86328125 0.3671875 0.06015625 0.03828125 
