2 0.6921875 0.853125 0.0359375 0.04140625 
2 0.8625 0.8515625 0.02890625 0.03359375 
2 0.4171875 0.84453125 0.0140625 0.01875 
2 0.46484375 0.84140625 0.01953125 0.0203125 
2 0.35 0.85078125 0.0203125 0.028125 
2 0.8453125 0.84921875 0.03203125 0.04453125 
2 0.67109375 0.84921875 0.02578125 0.04140625 
2 0.64296875 0.85078125 0.02421875 0.03828125 
2 0.39609375 0.846875 0.01796875 0.021875 
2 0.50078125 0.853125 0.0234375 0.034375 
2 0.20234375 0.86171875 0.0375 0.084375 
2 0.0703125 0.8578125 0.0765625 0.11171875 
2 0.328125 0.86875 0.04296875 0.05546875 
2 0.02578125 0.89140625 0.05078125 0.140625 
2 0.13125 0.87421875 0.11953125 0.128125 
2 0.275 0.8734375 0.0671875 0.071875 
2 0.5453125 0.90390625 0.0921875 0.15078125 
