2 0.42890625 0.85703125 0.053125 0.0859375 
2 0.28515625 0.828125 0.046875 0.0484375 
2 0.36796875 0.83046875 0.0390625 0.04296875 
2 0.465625 0.8234375 0.03359375 0.0390625 
2 0.8140625 0.78984375 0.025 0.03515625 
2 0.403125 0.89609375 0.07265625 0.1296875 
2 0.12890625 0.90078125 0.2578125 0.19453125 
2 0.22265625 0.87265625 0.1 0.146875 
2 0.553125 0.9046875 0.31015625 0.190625 
2 0.3140625 0.91953125 0.17421875 0.1609375 
2 0.76796875 0.89765625 0.175 0.203125 
7 0.54296875 0.734375 0.015625 0.0078125 
7 0.509375 0.73828125 0.0171875 0.00859375 
