7 0.67890625 0.54375 0.0296875 0.01953125 
2 0.00625 0.81640625 0.01171875 0.0890625 
2 0.434375 0.784375 0.0546875 0.04296875 
2 0.02734375 0.7359375 0.021875 0.028125 
2 0.521875 0.77890625 0.0328125 0.065625 
2 0.65078125 0.74609375 0.0203125 0.0296875 
2 0.60546875 0.74921875 0.021875 0.0359375 
2 0.5 0.75859375 0.025 0.04375 
2 0.05859375 0.78984375 0.040625 0.0609375 
2 0.5859375 0.7515625 0.02578125 0.0390625 
2 0.45078125 0.784375 0.03046875 0.0390625 
2 0.0796875 0.76953125 0.04765625 0.040625 
7 0.5953125 0.54453125 0.0171875 0.01796875 
2 0.021875 0.80625 0.04375 0.09375 
2 0.18046875 0.7765625 0.03359375 0.04453125 
2 0.6296875 0.753125 0.0234375 0.03203125 
2 0.53359375 0.79453125 0.046875 0.06171875 
2 0.15 0.821875 0.05546875 0.096875 
2 0.0796875 0.84453125 0.1125 0.1203125 
2 0.27578125 0.7828125 0.075 0.06015625 
2 0.684375 0.80703125 0.121875 0.09609375 
