2 0.4140625 0.81953125 0.03125 0.02578125 
2 0.425 0.8640625 0.04609375 0.08984375 
2 0.43984375 0.8515625 0.04296875 0.08125 
2 0.284375 0.828125 0.04609375 0.0484375 
2 0.36484375 0.83046875 0.040625 0.040625 
2 0.2296875 0.8734375 0.1046875 0.14921875 
2 0.4640625 0.828125 0.02578125 0.03671875 
2 0.12734375 0.89921875 0.25078125 0.19453125 
2 0.40234375 0.896875 0.07265625 0.13046875 
2 0.7375 0.896875 0.12890625 0.2015625 
2 0.553125 0.903125 0.315625 0.19375 
2 0.3140625 0.91875 0.1734375 0.16171875 
