2 0.31875 0.89609375 0.00859375 0.01875 
3 0.4015625 0.8765625 0.0359375 0.08671875 
2 0.4640625 0.90234375 0.0203125 0.034375 
2 0.48828125 0.88984375 0.03125 0.0796875 
2 0.24765625 0.896875 0.053125 0.04296875 
2 0.3328125 0.89609375 0.01015625 0.021875 
5 0.40078125 0.878125 0.0359375 0.0890625 
2 0.40078125 0.87890625 0.0359375 0.08359375 
2 0.8453125 0.90078125 0.05 0.0859375 
2 0.3765625 0.896875 0.01484375 0.03125 
2 0.6359375 0.871875 0.02578125 0.040625 
2 0.34453125 0.896875 0.0140625 0.02421875 
2 0.896875 0.91328125 0.20625 0.1640625 
2 0.30859375 0.903125 0.02109375 0.0296875 
2 0.6671875 0.90546875 0.075 0.115625 
2 0.4328125 0.9015625 0.053125 0.06015625 
2 0.75078125 0.925 0.1484375 0.15 
2 0.553125 0.91640625 0.19140625 0.16328125 
