2 0.46875 0.8578125 0.03359375 0.0546875 
2 0.45234375 0.84296875 0.01328125 0.0234375 
2 0.2375 0.8875 0.02734375 0.0640625 
2 0.36796875 0.903125 0.059375 0.190625 
2 0.43046875 0.83828125 0.025 0.04140625 
5 0.18046875 0.8703125 0.12890625 0.259375 
2 0.31875 0.89609375 0.15625 0.1953125 
2 0.23046875 0.85 0.02109375 0.03671875 
2 0.56875 0.878125 0.03984375 0.06640625 
2 0.43671875 0.8625 0.03671875 0.06171875 
2 0.51796875 0.9234375 0.171875 0.15 
17 0.578125 0.7859375 0.00625 0.0296875 
6 0.49609375 0.72265625 0.01796875 0.009375 
6 0.4578125 0.725 0.01796875 0.009375 
