2 0.0765625 0.75 0.01640625 0.040625 
2 0.615625 0.75703125 0.01953125 0.02890625 
2 0.02734375 0.73671875 0.021875 0.03203125 
2 0.0203125 0.82578125 0.03984375 0.14453125 
2 0.53984375 0.76328125 0.02578125 0.03359375 
2 0.0546875 0.7609375 0.0421875 0.046875 
2 0.51328125 0.771875 0.0234375 0.04921875 
2 0.425 0.78203125 0.06484375 0.05 
2 0.52578125 0.78125 0.03359375 0.0484375 
2 0.59296875 0.7984375 0.07578125 0.0765625 
2 0.16875 0.8015625 0.04921875 0.08046875 
2 0.13984375 0.8265625 0.06015625 0.0984375 
2 0.30625 0.7859375 0.0625 0.05390625 
2 0.0609375 0.84609375 0.11953125 0.13828125 
6 0.678125 0.54140625 0.0296875 0.0171875 
6 0.60078125 0.546875 0.0296875 0.01796875 
