0 0.06328125 0.87265625 0.0109375 0.0734375 
2 0.296875 0.85546875 0.025 0.03515625 
2 0.42734375 0.84609375 0.03125 0.0609375 
0 0.1546875 0.865625 0.00859375 0.06171875 
2 0.88203125 0.91796875 0.065625 0.10859375 
3 0.2921875 0.8359375 0.0484375 0.06953125 
4 0.234375 0.871875 0.03046875 0.04296875 
0 0.09140625 0.86640625 0.01015625 0.06328125 
2 0.32265625 0.8796875 0.0203125 0.07421875 
2 0.3765625 0.88671875 0.09921875 0.16328125 
2 0.53515625 0.921875 0.26875 0.15546875 
17 0.55546875 0.78828125 0.0046875 0.02578125 
