2 0.29296875 0.84921875 0.0203125 0.03359375 
2 0.6890625 0.8265625 0.03671875 0.0453125 
2 0.35078125 0.83359375 0.01953125 0.0296875 
2 0.2671875 0.8515625 0.03984375 0.0484375 
2 0.50234375 0.82578125 0.0125 0.0359375 
6 0.5046875 0.70546875 0.01328125 0.015625 
2 0.25234375 0.85234375 0.03671875 0.046875 
2 0.52734375 0.83046875 0.04296875 0.08671875 
2 0.221875 0.859375 0.04140625 0.0546875 
2 0.4703125 0.83984375 0.02265625 0.03359375 
2 0.56953125 0.84140625 0.02265625 0.04140625 
2 0.3140625 0.83984375 0.034375 0.0390625 
2 0.06796875 0.86328125 0.06484375 0.08046875 
2 0.01328125 0.871875 0.0265625 0.0703125 
2 0.6375 0.875 0.0578125 0.090625 
2 0.58984375 0.85078125 0.03828125 0.053125 
2 0.70625 0.92109375 0.1265625 0.15390625 
16 0.61796875 0.7796875 0.009375 0.03046875 
