2 0.096875 0.7890625 0.01484375 0.03515625 
2 0.4296875 0.775 0.01640625 0.02421875 
8 0.51796875 0.54921875 0.0390625 0.01953125 
3 0.50078125 0.7859375 0.115625 0.1984375 
8 0.44453125 0.55390625 0.03828125 0.01796875 
2 0.3140625 0.7828125 0.02265625 0.0265625 
2 0.39765625 0.77578125 0.01484375 0.028125 
2 0.3515625 0.78203125 0.01640625 0.025 
2 0.8390625 0.76875 0.05703125 0.07890625 
2 0.9328125 0.7765625 0.11171875 0.11640625 
2 0.2640625 0.7984375 0.0328125 0.0453125 
2 0.37421875 0.78046875 0.0265625 0.040625 
2 0.221875 0.82578125 0.065625 0.078125 
2 0.58125 0.89921875 0.2375 0.1984375 
