0 0.04375 0.8625 0.01015625 0.08046875 
2 0.278125 0.8515625 0.03515625 0.03203125 
9 0.515625 0.2609375 0.0890625 0.04375 
2 0.31875 0.85234375 0.0171875 0.025 
3 0.421875 0.81328125 0.0609375 0.140625 
9 0.33203125 0.2765625 0.0921875 0.03984375 
2 0.3796875 0.84921875 0.0203125 0.028125 
2 0.675 0.8640625 0.071875 0.11640625 
2 0.3421875 0.8484375 0.02578125 0.03984375 
2 0.01796875 0.8828125 0.0359375 0.09140625 
2 0.1734375 0.88359375 0.10703125 0.10625 
2 0.56484375 0.90546875 0.309375 0.1890625 
