2 0.3765625 0.8296875 0.01328125 0.01875 
2 0.49296875 0.84140625 0.0140625 0.0203125 
2 0.1859375 0.87734375 0.04296875 0.075 
2 0.81953125 0.46953125 0.015625 0.04453125 
2 0.43984375 0.84453125 0.01328125 0.02890625 
2 0.3515625 0.846875 0.01796875 0.03046875 
2 0.45078125 0.853125 0.01953125 0.04453125 
7 0.77421875 0.22890625 0.01875 0.01875 
2 0.46875 0.8609375 0.0453125 0.059375 
6 0.45546875 0.66953125 0.02421875 0.01796875 
2 0.80390625 0.85390625 0.0765625 0.08203125 
2 0.0796875 0.85859375 0.15859375 0.246875 
2 0.265625 0.85390625 0.025 0.04140625 
2 0.29765625 0.85859375 0.025 0.03671875 
2 0.3234375 0.85703125 0.03984375 0.053125 
2 0.23125 0.88046875 0.0734375 0.08515625 
2 0.41640625 0.8515625 0.03046875 0.0640625 
2 0.50703125 0.9234375 0.15078125 0.1453125 
6 0.51015625 0.66484375 0.03046875 0.01796875 
17 0.6390625 0.7484375 0.01171875 0.05 
17 0.621875 0.75 0.01328125 0.04609375 
