2 0.4140625 0.82578125 0.01015625 0.01875 
2 0.68984375 0.82890625 0.015625 0.021875 
2 0.3765625 0.83046875 0.01640625 0.01953125 
2 0.86015625 0.834375 0.03125 0.04375 
2 0.55859375 0.82890625 0.02109375 0.028125 
2 0.76015625 0.8328125 0.025 0.03828125 
2 0.0453125 0.87265625 0.059375 0.09375 
2 0.23203125 0.8453125 0.03671875 0.05 
2 0.45703125 0.84296875 0.01796875 0.03984375 
2 0.90078125 0.82421875 0.05625 0.075 
2 0.83671875 0.821875 0.065625 0.06875 
2 0.67265625 0.8265625 0.034375 0.034375 
2 0.80546875 0.8234375 0.0375 0.05859375 
2 0.971875 0.82265625 0.05390625 0.08046875 
2 0.13046875 0.86953125 0.03515625 0.065625 
2 0.871875 0.83125 0.04375 0.05546875 
2 0.78125 0.8265625 0.03359375 0.053125 
2 0.94609375 0.81875 0.071875 0.08125 
2 0.28203125 0.85390625 0.03671875 0.059375 
2 0.2421875 0.8625 0.05546875 0.06171875 
2 0.34921875 0.8484375 0.02265625 0.0359375 
2 0.32421875 0.8515625 0.03515625 0.04453125 
2 0.07421875 0.8859375 0.09453125 0.10703125 
2 0.17734375 0.86953125 0.0765625 0.0859375 
2 0.4921875 0.909375 0.1015625 0.17109375 
