2 0.01953125 0.85390625 0.0375 0.06171875 
2 0.39453125 0.840625 0.0140625 0.028125 
2 0.53359375 0.83125 0.04375 0.09296875 
2 0.47265625 0.8359375 0.015625 0.025 
2 0.14296875 0.859375 0.03515625 0.05078125 
2 0.48515625 0.83359375 0.01171875 0.021875 
2 0.50625 0.8359375 0.015625 0.0390625 
2 0.059375 0.8609375 0.0734375 0.08125 
2 0.2203125 0.846875 0.05546875 0.0515625 
2 0.0875 0.85859375 0.0390625 0.06875 
2 0.2671875 0.84296875 0.03515625 0.03984375 
2 0.11953125 0.86328125 0.04453125 0.0609375 
6 0.49296875 0.62265625 0.025 0.02109375 
2 0.58984375 0.85390625 0.028125 0.06015625 
2 0.45078125 0.85390625 0.03125 0.05 
2 0.61875 0.86640625 0.05703125 0.08046875 
2 0.73984375 0.9140625 0.13671875 0.16875 
16 0.68828125 0.74921875 0.01484375 0.05390625 
6 0.58125 0.71484375 0.0171875 0.01328125 
6 0.5265625 0.71953125 0.015625 0.01796875 
