4 0.4453125 0.9015625 0.02421875 0.046875 
2 0.578125 0.8703125 0.02421875 0.04453125 
2 0.42421875 0.91953125 0.03984375 0.11015625 
2 0.65703125 0.86796875 0.01171875 0.01953125 
4 0.9921875 0.9046875 0.01328125 0.05 
2 0.628125 0.8734375 0.0109375 0.021875 
2 0.4453125 0.89921875 0.02578125 0.04453125 
2 0.68984375 0.86640625 0.01796875 0.0265625 
2 0.71875 0.88515625 0.0453125 0.05546875 
2 0.46328125 0.88359375 0.01875 0.03671875 
2 0.34140625 0.878125 0.01953125 0.03046875 
6 0.45859375 0.37890625 0.078125 0.04140625 
2 0.25546875 0.896875 0.05859375 0.05546875 
2 0.60390625 0.8765625 0.02109375 0.0234375 
2 0.1 0.915625 0.0828125 0.090625 
2 0.48359375 0.88359375 0.0359375 0.046875 
2 0.6421875 0.878125 0.02578125 0.0296875 
2 0.06640625 0.9109375 0.0875 0.09453125 
2 0.31640625 0.89453125 0.0546875 0.06484375 
2 0.38828125 0.9296875 0.09375 0.13359375 
2 0.53671875 0.92578125 0.13125 0.14453125 
17 0.90390625 0.6609375 0.0265625 0.10546875 
