2 0.2203125 0.84609375 0.01796875 0.021875 
2 0.08046875 0.86015625 0.01953125 0.0390625 
2 0.30234375 0.84453125 0.02109375 0.03359375 
2 0.05703125 0.86171875 0.053125 0.04296875 
6 0.37109375 0.69921875 0.0171875 0.01640625 
2 0.26015625 0.84296875 0.0234375 0.03359375 
2 0.33125 0.84921875 0.01640625 0.03125 
2 0.3421875 0.85078125 0.0171875 0.03125 
2 0.196875 0.859375 0.02734375 0.0359375 
2 0.5265625 0.92421875 0.178125 0.1515625 
17 0.65546875 0.7640625 0.0109375 0.0421875 
6 0.4234375 0.7 0.0203125 0.01328125 
