2 0.1796875 0.8140625 0.01875 0.02578125 
2 0.3765625 0.921875 0.04609375 0.15 
2 0.284375 0.828125 0.04609375 0.046875 
2 0.36484375 0.828125 0.04140625 0.04296875 
2 0.4640625 0.82890625 0.03046875 0.0390625 
2 0.228125 0.871875 0.0984375 0.15078125 
2 0.55078125 0.90625 0.296875 0.184375 
2 0.403125 0.90078125 0.0734375 0.13828125 
2 0.13046875 0.903125 0.26015625 0.19375 
2 0.30703125 0.91953125 0.159375 0.1609375 
7 0.54140625 0.73515625 0.01484375 0.01015625 
7 0.51015625 0.7375 0.01640625 0.009375 
