2 0.73671875 0.8046875 0.02265625 0.0390625 
2 0.7078125 0.81328125 0.0171875 0.03203125 
6 0.6859375 0.4234375 0.0421875 0.03203125 
2 0.53046875 0.83515625 0.025 0.040625 
2 0.54765625 0.840625 0.021875 0.04453125 
2 0.43984375 0.8484375 0.0421875 0.0640625 
2 0.69140625 0.81640625 0.02734375 0.03359375 
2 0.02265625 0.8390625 0.0421875 0.09609375 
2 0.0078125 0.8640625 0.01484375 0.14296875 
2 0.565625 0.84609375 0.03984375 0.05546875 
2 0.48359375 0.8515625 0.09140625 0.07109375 
2 0.27421875 0.85703125 0.08125 0.0703125 
2 0.63359375 0.86875 0.11875 0.1296875 
6 0.82421875 0.41796875 0.04921875 0.0296875 
