2 0.2828125 0.828125 0.04609375 0.0515625 
2 0.1859375 0.81171875 0.025 0.03359375 
2 0.36171875 0.8265625 0.04765625 0.04921875 
2 0.4296875 0.85703125 0.0546875 0.0890625 
2 0.465625 0.825 0.02890625 0.0390625 
2 0.23359375 0.875 0.11171875 0.15390625 
2 0.4015625 0.896875 0.075 0.13046875 
2 0.12421875 0.89921875 0.2484375 0.1953125 
2 0.5515625 0.903125 0.3125 0.19375 
2 0.31328125 0.91796875 0.1734375 0.1640625 
7 0.54375 0.73359375 0.01640625 0.01015625 
7 0.509375 0.73671875 0.0171875 0.01015625 
