2 0.428125 0.77578125 0.025 0.034375 
2 0.57265625 0.74609375 0.01875 0.03359375 
2 0.63359375 0.74296875 0.01640625 0.0296875 
7 0.590625 0.57109375 0.02421875 0.01953125 
2 0.01015625 0.803125 0.01953125 0.0984375 
2 0.45625 0.77421875 0.03515625 0.03671875 
2 0.7375 0.80078125 0.0484375 0.0640625 
2 0.60546875 0.74609375 0.02578125 0.0359375 
2 0.7078125 0.79453125 0.10078125 0.08203125 
2 0.090625 0.80546875 0.0515625 0.09296875 
2 0.8453125 0.7796875 0.0625 0.10546875 
2 0.34765625 0.7734375 0.06171875 0.053125 
2 0.17578125 0.78359375 0.04296875 0.05 
2 0.046875 0.821875 0.09375 0.12421875 
2 0.5515625 0.91171875 0.16171875 0.1765625 
7 0.65859375 0.5671875 0.02578125 0.0171875 
