2 0.14453125 0.89921875 0.14453125 0.171875 
2 0.4390625 0.84921875 0.04296875 0.075 
2 0.72734375 0.91953125 0.040625 0.1609375 
2 0.46796875 0.82578125 0.03515625 0.040625 
2 0.365625 0.82890625 0.0390625 0.0390625 
2 0.2390625 0.87265625 0.12109375 0.153125 
2 0.07109375 0.9015625 0.140625 0.18984375 
2 0.40390625 0.89296875 0.07421875 0.12578125 
2 0.546875 0.903125 0.303125 0.19375 
2 0.31328125 0.9171875 0.1734375 0.165625 
7 0.5421875 0.734375 0.01640625 0.009375 
7 0.509375 0.73671875 0.01484375 0.01015625 
