2 0.0828125 0.790625 0.0296875 0.0359375 
2 0.040625 0.8125 0.03359375 0.02890625 
2 0.11640625 0.8515625 0.04375 0.096875 
2 0.23515625 0.84296875 0.01171875 0.0515625 
2 0.20234375 0.84140625 0.0640625 0.103125 
2 0.06953125 0.80859375 0.03984375 0.04140625 
2 0.18125 0.90078125 0.09921875 0.15078125 
2 0.27734375 0.840625 0.0390625 0.04453125 
2 0.13515625 0.83203125 0.03984375 0.08046875 
2 0.353125 0.84375 0.04140625 0.06015625 
2 0.1015625 0.86640625 0.06015625 0.10625 
2 0.49140625 0.890625 0.09140625 0.13203125 
2 0.42421875 0.92265625 0.15625 0.15078125 
2 0.046875 0.90703125 0.09375 0.175 
8 0.63203125 0.41015625 0.08359375 0.04453125 
8 0.465625 0.434375 0.0734375 0.034375 
