2 0.57578125 0.875 0.01953125 0.05 
2 0.35625 0.85546875 0.02265625 0.040625 
2 0.403125 0.84609375 0.0140625 0.01953125 
5 0.3078125 0.84453125 0.02578125 0.0484375 
2 0.45546875 0.8609375 0.01953125 0.03671875 
2 0.33359375 0.8546875 0.01640625 0.02421875 
2 0.3078125 0.84453125 0.0265625 0.0484375 
2 0.4671875 0.86796875 0.02265625 0.0453125 
2 0.4234375 0.85625 0.02265625 0.05 
2 0.0546875 0.87890625 0.10390625 0.084375 
2 0.38203125 0.86796875 0.02890625 0.05 
2 0.640625 0.903125 0.08828125 0.10546875 
2 0.521875 0.91484375 0.13359375 0.1703125 
