9 0.34140625 0.315625 0.0875 0.0359375 
2 0.32109375 0.86015625 0.0171875 0.02421875 
3 0.4171875 0.8234375 0.06171875 0.14921875 
9 0.51484375 0.30625 0.08515625 0.0390625 
2 0.271875 0.8578125 0.03984375 0.0359375 
2 0.2984375 0.8546875 0.0203125 0.028125 
2 0.3765625 0.85703125 0.01953125 0.028125 
2 0.665625 0.87421875 0.06796875 0.11171875 
2 0.34296875 0.85703125 0.02578125 0.0359375 
2 0.5625 0.91171875 0.296875 0.17578125 
2 0.0390625 0.884375 0.0765625 0.08671875 
2 0.20625 0.88359375 0.09296875 0.0953125 
