2 0.10859375 0.74140625 0.021875 0.0234375 
2 0.59140625 0.753125 0.021875 0.03515625 
2 0.02734375 0.73671875 0.021875 0.03046875 
2 0.02109375 0.82421875 0.04140625 0.1453125 
2 0.421875 0.78046875 0.0703125 0.0515625 
2 0.61640625 0.75703125 0.021875 0.0296875 
2 0.04609375 0.753125 0.03671875 0.040625 
2 0.70625 0.8125 0.05703125 0.06953125 
2 0.5671875 0.7625 0.02734375 0.03046875 
2 0.678125 0.81015625 0.09765625 0.078125 
2 0.51484375 0.7734375 0.02421875 0.05078125 
2 0.16875 0.7984375 0.0453125 0.08203125 
2 0.14296875 0.825 0.05859375 0.09609375 
2 0.5296875 0.78203125 0.0390625 0.05390625 
2 0.30546875 0.78671875 0.06171875 0.05 
2 0.0609375 0.84453125 0.12109375 0.1390625 
6 0.6765625 0.54375 0.028125 0.01953125 
6 0.60078125 0.54609375 0.02890625 0.0171875 
