2 0.45234375 0.89296875 0.01796875 0.02578125 
6 0.2671875 0.6046875 0.04765625 0.02734375 
2 0.41171875 0.8859375 0.015625 0.03125 
2 0.6328125 0.91171875 0.04375 0.09140625 
2 0.68125 0.8734375 0.01640625 0.03203125 
2 0.7125 0.8828125 0.02890625 0.053125 
2 0.40390625 0.8921875 0.02421875 0.03046875 
2 0.3234375 0.91875 0.05234375 0.09921875 
2 0.37109375 0.89140625 0.03203125 0.03359375 
2 0.33984375 0.890625 0.01953125 0.03046875 
2 0.6140625 0.90546875 0.0328125 0.08046875 
2 0.20625 0.9359375 0.29765625 0.128125 
2 0.071875 0.92265625 0.14375 0.1484375 
2 0.653125 0.9203125 0.07890625 0.10546875 
2 0.53359375 0.9234375 0.10234375 0.15 
6 0.4890625 0.76015625 0.0203125 0.0109375 
6 0.55234375 0.75625 0.02109375 0.0125 
