2 0.4484375 0.88046875 0.01171875 0.01953125 
2 0.390625 0.878125 0.01328125 0.01640625 
5 0.36875 0.93359375 0.03359375 0.05703125 
2 0.02890625 0.95859375 0.0578125 0.0765625 
2 0.15703125 0.90859375 0.14140625 0.1796875 
2 0.48828125 0.90703125 0.0234375 0.03359375 
2 0.425 0.93203125 0.0234375 0.034375 
3 0.15703125 0.90859375 0.1421875 0.17890625 
2 0.4953125 0.93828125 0.034375 0.05390625 
2 0.46484375 0.928125 0.0265625 0.040625 
2 0.36875 0.934375 0.03359375 0.05546875 
2 0.08359375 0.953125 0.1 0.09140625 
2 0.56171875 0.94375 0.13203125 0.109375 
