2 0.4375 0.771875 0.01640625 0.02421875 
6 0.4515625 0.565625 0.03125 0.01875 
2 0.82109375 0.77734375 0.04765625 0.0640625 
2 0.2859375 0.79140625 0.02265625 0.03515625 
2 0.4046875 0.775 0.01484375 0.02421875 
6 0.52109375 0.56171875 0.034375 0.01640625 
2 0.33671875 0.778125 0.00859375 0.01953125 
2 0.321875 0.78125 0.01953125 0.028125 
2 0.359375 0.77890625 0.01328125 0.0234375 
2 0.3859375 0.77890625 0.0234375 0.03515625 
2 0.90625 0.77890625 0.1 0.11015625 
2 0.26953125 0.8125 0.05234375 0.065625 
2 0.57890625 0.9015625 0.2234375 0.1953125 
