2 0.625 0.74921875 0.0171875 0.02890625 
2 0.00625 0.815625 0.0125 0.090625 
2 0.4890625 0.76171875 0.0203125 0.0390625 
2 0.02890625 0.73828125 0.01953125 0.03125 
2 0.05078125 0.75078125 0.04609375 0.04453125 
2 0.5 0.77109375 0.034375 0.04921875 
7 0.5953125 0.54609375 0.0171875 0.01875 
2 0.02421875 0.80546875 0.04765625 0.09609375 
2 0.4140625 0.78125 0.0671875 0.05 
2 0.22421875 0.78125 0.03984375 0.04375 
2 0.534375 0.79375 0.05234375 0.06953125 
2 0.14921875 0.8234375 0.05234375 0.09453125 
2 0.27109375 0.7859375 0.0625 0.05 
2 0.94453125 0.8 0.109375 0.1 
2 0.63515625 0.803125 0.08203125 0.08125 
2 0.08046875 0.84296875 0.11328125 0.121875 
7 0.67890625 0.54296875 0.02734375 0.02109375 
