2 0.259375 0.865625 0.021875 0.03203125 
2 0.353125 0.85546875 0.0109375 0.02890625 
0 0.32265625 0.921875 0.02109375 0.15546875 
2 0.86171875 0.83828125 0.03125 0.03984375 
2 0.246875 0.8640625 0.02890625 0.0359375 
2 0.4078125 0.8484375 0.01875 0.0359375 
2 0.17578125 0.86796875 0.04375 0.0390625 
2 0.36171875 0.85859375 0.01875 0.0359375 
2 0.4515625 0.846875 0.02578125 0.046875 
2 0.9890625 0.815625 0.01953125 0.04140625 
2 0.30390625 0.865625 0.025 0.03984375 
2 0.778125 0.834375 0.0296875 0.0359375 
2 0.3375 0.8625 0.02890625 0.03984375 
2 0.89375 0.825 0.078125 0.06640625 
2 0.76015625 0.8359375 0.03828125 0.03671875 
2 0.959375 0.81640625 0.05234375 0.04140625 
2 0.38515625 0.85703125 0.03359375 0.03984375 
2 0.428125 0.85625 0.03359375 0.03984375 
2 0.65546875 0.83671875 0.0296875 0.03359375 
2 0.5796875 0.91953125 0.27421875 0.1609375 
