2 0.99296875 0.74921875 0.0140625 0.0390625 
2 0.0453125 0.8203125 0.01875 0.04453125 
2 0.8671875 0.771875 0.03828125 0.0390625 
2 0.00390625 0.83359375 0.00703125 0.07421875 
2 0.54375 0.80859375 0.03828125 0.0609375 
2 0.853125 0.77421875 0.03125 0.0390625 
2 0.0765625 0.821875 0.02265625 0.02578125 
2 0.23671875 0.8375 0.05 0.06015625 
2 0.5734375 0.80390625 0.0828125 0.07109375 
2 0.025 0.82109375 0.0328125 0.05 
2 0.75390625 0.7921875 0.03515625 0.046875 
2 0.78125 0.78671875 0.05390625 0.053125 
2 0.2859375 0.8375 0.1015625 0.0765625 
7 0.67890625 0.1875 0.09375 0.0515625 
7 0.6375 0.6765625 0.01640625 0.01328125 
