2 0.9828125 0.83671875 0.028125 0.034375 
2 0.90546875 0.89765625 0.08125 0.11015625 
5 0.58515625 0.82109375 0.03046875 0.05078125 
2 0.84296875 0.8734375 0.040625 0.06796875 
2 0.86640625 0.87109375 0.0609375 0.08359375 
2 0.64140625 0.85546875 0.01484375 0.03359375 
2 0.58515625 0.82109375 0.03125 0.05078125 
2 0.17734375 0.846875 0.02265625 0.034375 
2 0.22109375 0.85 0.01796875 0.03125 
2 0.67109375 0.90625 0.071875 0.121875 
2 0.934375 0.92578125 0.13125 0.13046875 
2 0.63046875 0.884375 0.0265625 0.0765625 
2 0.24609375 0.86640625 0.0390625 0.059375 
2 0.19609375 0.8765625 0.065625 0.071875 
2 0.0546875 0.89921875 0.109375 0.11796875 
2 0.76015625 0.925 0.178125 0.15 
11 0.70859375 0.76171875 0.015625 0.0109375 
11 0.67890625 0.76328125 0.01484375 0.0109375 
