2 0.90390625 0.82109375 0.0140625 0.0359375 
6 0.7140625 0.6359375 0.02578125 0.0203125 
2 0.2515625 0.9265625 0.0546875 0.078125 
2 0.85078125 0.82890625 0.0375 0.04375 
2 0.57109375 0.85 0.01484375 0.02578125 
6 0.59296875 0.646875 0.034375 0.0203125 
2 0.58515625 0.8515625 0.0171875 0.02578125 
2 0.13359375 0.9296875 0.2671875 0.1390625 
2 0.525 0.90703125 0.0828125 0.11875 
2 0.7296875 0.91015625 0.16171875 0.1796875 
6 0.58984375 0.7515625 0.0203125 0.01328125 
17 0.82421875 0.78359375 0.00546875 0.025 
17 0.85625 0.753125 0.01484375 0.05078125 
