7 0.7375 0.66796875 0.02734375 0.01796875 
2 0.83671875 0.83984375 0.034375 0.0390625 
2 0.459375 0.86171875 0.03515625 0.03046875 
2 0.63359375 0.8421875 0.02890625 0.03046875 
2 0.671875 0.88828125 0.06171875 0.115625 
2 0.115625 0.94140625 0.2296875 0.11640625 
2 0.40546875 0.9109375 0.096875 0.12890625 
2 0.8859375 0.90703125 0.228125 0.1859375 
2 0.275 0.9140625 0.19609375 0.171875 
2 0.753125 0.90703125 0.15390625 0.18125 
2 0.559375 0.9203125 0.25 0.159375 
7 0.640625 0.67578125 0.03359375 0.01640625 
