2 0.00859375 0.75859375 0.01640625 0.05859375 
2 0.21953125 0.85859375 0.03515625 0.03515625 
2 0.41015625 0.84453125 0.01640625 0.03125 
2 0.34765625 0.853125 0.02734375 0.04140625 
2 0.30859375 0.85546875 0.03046875 0.03671875 
2 0.45390625 0.83671875 0.0265625 0.0453125 
2 0.36640625 0.84921875 0.02109375 0.0359375 
2 0.28359375 0.85703125 0.01875 0.03359375 
2 0.653125 0.82734375 0.01640625 0.025 
2 0.26015625 0.85703125 0.03828125 0.03671875 
2 0.6171875 0.83203125 0.0234375 0.028125 
2 0.39296875 0.8484375 0.028125 0.0390625 
2 0.43359375 0.84765625 0.0296875 0.0359375 
2 0.56875 0.91484375 0.2 0.1609375 
7 0.7546875 0.65703125 0.02734375 0.015625 
7 0.696875 0.6625 0.02734375 0.01640625 
