2 0.6703125 0.8609375 0.06328125 0.0640625 
7 0.73671875 0.66796875 0.028125 0.01640625 
2 0.3609375 0.87890625 0.02890625 0.04140625 
2 0.44609375 0.9015625 0.01875 0.06328125 
2 0.32109375 0.86796875 0.06484375 0.07109375 
2 0.41953125 0.840625 0.03515625 0.03359375 
2 0.671875 0.896875 0.05390625 0.10703125 
2 0.8375 0.83984375 0.03515625 0.0390625 
2 0.11328125 0.9421875 0.2265625 0.115625 
2 0.403125 0.91328125 0.09140625 0.121875 
2 0.8859375 0.9046875 0.225 0.190625 
2 0.27578125 0.9140625 0.196875 0.1703125 
2 0.75234375 0.90703125 0.15390625 0.18203125 
2 0.56015625 0.921875 0.25078125 0.15625 
7 0.64140625 0.67734375 0.03203125 0.0171875 
