2 0.64453125 0.83515625 0.01328125 0.02578125 
0 0.32265625 0.92421875 0.0203125 0.1484375 
2 0.665625 0.83671875 0.0171875 0.0234375 
2 0.58671875 0.84296875 0.028125 0.0359375 
0 0.04765625 0.8609375 0.0078125 0.05859375 
2 0.36015625 0.85078125 0.01328125 0.02421875 
2 0.3171875 0.85546875 0.01953125 0.02578125 
0 0.0703125 0.86015625 0.00703125 0.05 
2 0.18203125 0.86484375 0.02578125 0.0390625 
2 0.19765625 0.86640625 0.02578125 0.04140625 
2 0.42734375 0.85390625 0.03046875 0.0390625 
2 0.246875 0.87109375 0.04296875 0.0546875 
2 0.10078125 0.86640625 0.0296875 0.04140625 
2 0.62734375 0.8453125 0.04375 0.0390625 
2 0.94296875 0.85859375 0.053125 0.09609375 
2 0.33828125 0.86171875 0.03125 0.03984375 
2 0.40546875 0.85546875 0.0203125 0.03515625 
2 0.12421875 0.86640625 0.04453125 0.04453125 
2 0.3828125 0.853125 0.02421875 0.034375 
2 0.959375 0.89140625 0.08125 0.20703125 
2 0.5796875 0.92421875 0.271875 0.1515625 
2 0.7703125 0.90390625 0.16171875 0.1890625 
