2 0.36953125 0.88125 0.0265625 0.05 
2 0.66953125 0.865625 0.06640625 0.0734375 
7 0.7375 0.66796875 0.028125 0.01640625 
2 0.83046875 0.8375 0.0484375 0.04921875 
2 0.6703125 0.9015625 0.04921875 0.0890625 
2 0.115625 0.94140625 0.2296875 0.11640625 
2 0.40546875 0.9109375 0.09140625 0.1265625 
2 0.8859375 0.9046875 0.228125 0.190625 
2 0.27578125 0.9140625 0.19609375 0.1703125 
2 0.7484375 0.90703125 0.15 0.18125 
2 0.559375 0.9203125 0.25 0.159375 
7 0.63984375 0.67734375 0.0328125 0.015625 
