2 0.33203125 0.85390625 0.01484375 0.021875 
2 0.35859375 0.84296875 0.02734375 0.0484375 
5 0.42421875 0.83828125 0.03125 0.053125 
2 0.371875 0.85625 0.015625 0.03515625 
2 0.42421875 0.83828125 0.03125 0.05 
2 0.23828125 0.86171875 0.02890625 0.0359375 
2 0.07421875 0.88203125 0.04453125 0.0609375 
2 0.14375 0.86640625 0.03359375 0.040625 
2 0.3890625 0.85546875 0.03828125 0.04453125 
2 0.1046875 0.88125 0.06171875 0.065625 
2 0.01875 0.88046875 0.0375 0.07421875 
2 0.90859375 0.9140625 0.18203125 0.171875 
2 0.578125 0.91796875 0.26875 0.1640625 
