2 0.98203125 0.81796875 0.0234375 0.0453125 
2 0.68984375 0.85625 0.040625 0.0609375 
2 0.3546875 0.85546875 0.0140625 0.03359375 
2 0.4015625 0.85390625 0.01640625 0.03671875 
2 0.45078125 0.84609375 0.02890625 0.0484375 
2 0.2546875 0.865625 0.02734375 0.0390625 
2 0.18046875 0.86640625 0.11171875 0.09296875 
2 0.36015625 0.85859375 0.01953125 0.0359375 
2 0.30546875 0.86640625 0.02734375 0.040625 
2 0.73203125 0.84296875 0.11875 0.0890625 
2 0.42890625 0.85625 0.03203125 0.03984375 
2 0.38515625 0.85703125 0.03203125 0.03984375 
2 0.3390625 0.8625 0.02578125 0.04140625 
2 0.946875 0.82109375 0.07890625 0.06015625 
2 0.5796875 0.91796875 0.275 0.1640625 
