5 0.22109375 0.86171875 0.03984375 0.05546875 
2 0.40234375 0.83515625 0.01875 0.021875 
2 0.16875 0.8625 0.02109375 0.03828125 
2 0.2640625 0.86640625 0.0234375 0.0390625 
2 0.15078125 0.87890625 0.03984375 0.05859375 
2 0.446875 0.85 0.0171875 0.03671875 
2 0.38203125 0.86484375 0.021875 0.04453125 
2 0.11796875 0.87890625 0.04453125 0.05703125 
2 0.35546875 0.86328125 0.04453125 0.0609375 
2 0.18515625 0.865625 0.02890625 0.04609375 
2 0.24921875 0.8625 0.0203125 0.0359375 
2 0.22109375 0.8609375 0.03984375 0.05546875 
2 0.9828125 0.821875 0.034375 0.06640625 
2 0.0203125 0.89453125 0.040625 0.1234375 
2 0.58046875 0.9203125 0.2703125 0.159375 
