2 0.625 0.8484375 0.03828125 0.03359375 
2 0.4125 0.8515625 0.01640625 0.03359375 
2 0.38359375 0.853125 0.0203125 0.0296875 
2 0.428125 0.85390625 0.03125 0.03984375 
5 0.3546875 0.840625 0.0328125 0.0734375 
2 0.3375 0.85078125 0.03515625 0.0609375 
2 0.26953125 0.85703125 0.01171875 0.028125 
2 0.20625 0.8734375 0.06015625 0.0734375 
2 0.73203125 0.83046875 0.03828125 0.0453125 
2 0.0875 0.87109375 0.03515625 0.03984375 
2 0.24921875 0.8625 0.03046875 0.03828125 
2 0.76796875 0.86796875 0.08046875 0.10546875 
2 0.68515625 0.8828125 0.08984375 0.11953125 
2 0.0359375 0.875 0.071875 0.10546875 
2 0.58203125 0.925 0.27421875 0.15 
2 0.88125 0.9 0.23671875 0.2 
