2 0.70703125 0.82890625 0.01875 0.02890625 
2 0.2484375 0.865625 0.0328125 0.0359375 
2 0.35390625 0.8546875 0.01796875 0.03515625 
2 0.65234375 0.83359375 0.01875 0.03046875 
5 0.40078125 0.87109375 0.0859375 0.13203125 
2 0.303125 0.865625 0.02265625 0.03984375 
2 0.79453125 0.85390625 0.0421875 0.06640625 
2 0.4 0.86953125 0.0859375 0.13046875 
2 0.33671875 0.86171875 0.03203125 0.03984375 
2 0.6875 0.84296875 0.03515625 0.05078125 
2 0.7453125 0.85859375 0.11953125 0.08515625 
2 0.58125 0.92578125 0.27109375 0.1484375 
