2 0.8734375 0.84921875 0.0125 0.03125 
2 0.96875 0.946875 0.06015625 0.10625 
2 0.81796875 0.85234375 0.028125 0.03046875 
5 0.58515625 0.8203125 0.03125 0.0484375 
2 0.58515625 0.82109375 0.03125 0.05 
2 0.890625 0.85 0.02109375 0.0390625 
2 0.6546875 0.85703125 0.02109375 0.034375 
2 0.678125 0.9125 0.06484375 0.1234375 
2 0.9109375 0.85390625 0.0375 0.05546875 
2 0.23359375 0.8515625 0.0515625 0.040625 
2 0.63828125 0.8921875 0.04140625 0.08984375 
2 0.94140625 0.90234375 0.115625 0.13203125 
2 0.84765625 0.88359375 0.0734375 0.1 
2 0.76953125 0.925 0.190625 0.1484375 
