2 0.41484375 0.85390625 0.0125 0.03359375 
2 0.30234375 0.8703125 0.03203125 0.0515625 
2 0.13671875 0.86953125 0.03828125 0.04140625 
2 0.45078125 0.84609375 0.028125 0.046875 
2 0.4015625 0.853125 0.01640625 0.03671875 
2 0.9890625 0.809375 0.01953125 0.0390625 
2 0.359375 0.85859375 0.02109375 0.0390625 
2 0.33671875 0.8625 0.03046875 0.03984375 
2 0.384375 0.85703125 0.03125 0.0390625 
2 0.42890625 0.85625 0.03203125 0.03984375 
2 0.01640625 0.8734375 0.0328125 0.05078125 
2 0.92265625 0.821875 0.084375 0.06484375 
2 0.57734375 0.9203125 0.2703125 0.159375 
