2 0.3046875 0.87578125 0.0109375 0.0234375 
2 0.434375 0.8671875 0.01953125 0.04140625 
4 0.22734375 0.94140625 0.01875 0.11328125 
2 0.17890625 0.88828125 0.02265625 0.0265625 
0 0.22734375 0.934375 0.01875 0.12890625 
2 0.97734375 0.83203125 0.04453125 0.090625 
2 0.62578125 0.85625 0.02109375 0.04140625 
2 0.19296875 0.8859375 0.0375 0.03046875 
2 0.5765625 0.859375 0.01796875 0.03203125 
2 0.31875 0.87421875 0.01953125 0.028125 
2 0.29375 0.87734375 0.025 0.03046875 
2 0.646875 0.8609375 0.02734375 0.046875 
2 0.346875 0.88046875 0.02265625 0.0359375 
2 0.3921875 0.8765625 0.01953125 0.03828125 
2 0.41875 0.87421875 0.03671875 0.04140625 
2 0.36953125 0.88046875 0.0390625 0.04453125 
2 0.2734375 0.88125 0.02265625 0.0296875 
2 0.740625 0.8578125 0.02265625 0.046875 
2 0.234375 0.88125 0.0328125 0.034375 
2 0.76484375 0.853125 0.03203125 0.04296875 
2 0.59921875 0.86328125 0.03125 0.0453125 
2 0.6984375 0.90390625 0.11171875 0.1453125 
2 0.93125 0.8984375 0.1375 0.16640625 
2 0.52578125 0.928125 0.2203125 0.14375 
11 0.790625 0.65078125 0.03203125 0.015625 
11 0.725 0.65703125 0.03359375 0.01953125 
