4 0.678125 0.91640625 0.0640625 0.12421875 
2 0.81875 0.8515625 0.02734375 0.03203125 
2 0.21484375 0.85625 0.034375 0.0390625 
2 0.3140625 0.878125 0.00703125 0.07421875 
2 0.8828125 0.8671875 0.025 0.03984375 
2 0.19140625 0.8515625 0.03359375 0.040625 
5 0.58515625 0.81796875 0.03125 0.046875 
2 0.678125 0.9140625 0.06484375 0.12421875 
2 0.5859375 0.81875 0.03203125 0.0484375 
2 0.940625 0.90546875 0.11640625 0.146875 
2 0.6390625 0.89140625 0.0421875 0.09140625 
2 0.08046875 0.88125 0.090625 0.13359375 
2 0.8515625 0.884375 0.06796875 0.09921875 
2 0.14453125 0.909375 0.14609375 0.1484375 
2 0.76796875 0.925 0.19375 0.1484375 
