1 0.43828125 0.86953125 0.04375 0.13203125 
2 0.8828125 0.86875 0.021875 0.040625 
2 0.81796875 0.85234375 0.0296875 0.03203125 
2 0.6796875 0.9140625 0.06796875 0.12578125 
5 0.58515625 0.81796875 0.03125 0.046875 
2 0.9546875 0.93671875 0.090625 0.12578125 
2 0.5859375 0.81875 0.03203125 0.0484375 
2 0.18046875 0.846875 0.021875 0.03515625 
2 0.6390625 0.89140625 0.0421875 0.08984375 
2 0.940625 0.8984375 0.11640625 0.13046875 
2 0.85 0.884375 0.071875 0.1 
2 0.76796875 0.92578125 0.19375 0.1484375 
2 0.04140625 0.9140625 0.08125 0.14609375 
