2 0.42578125 0.871875 0.00703125 0.02578125 
2 0.5578125 0.85546875 0.0171875 0.025 
2 0.37421875 0.878125 0.01796875 0.040625 
2 0.58203125 0.8546875 0.0203125 0.028125 
2 0.3328125 0.890625 0.02265625 0.05078125 
2 0.4015625 0.875 0.0453125 0.0703125 
2 0.16953125 0.93515625 0.15390625 0.12578125 
2 0.50546875 0.859375 0.01875 0.0296875 
2 0.46015625 0.8640625 0.01484375 0.02421875 
2 0.35546875 0.884375 0.03515625 0.04921875 
2 0.63828125 0.8609375 0.025 0.04921875 
2 0.61640625 0.85546875 0.021875 0.03828125 
2 0.6671875 0.87109375 0.05078125 0.065625 
