2 0.81796875 0.853125 0.0296875 0.03125 
2 0.8859375 0.8703125 0.02421875 0.0390625 
5 0.5859375 0.81796875 0.03203125 0.04921875 
2 0.953125 0.9375 0.090625 0.125 
2 0.5859375 0.81875 0.03203125 0.05 
2 0.68046875 0.91328125 0.06953125 0.128125 
2 0.17734375 0.846875 0.02421875 0.03515625 
2 0.91640625 0.86015625 0.0390625 0.04609375 
2 0.6390625 0.89140625 0.0421875 0.08984375 
2 0.9421875 0.90078125 0.1125 0.128125 
2 0.85078125 0.884375 0.0734375 0.1 
2 0.28671875 0.8859375 0.06015625 0.1015625 
2 0.7671875 0.925 0.19453125 0.15 
