2 0.646875 0.84140625 0.0265625 0.02421875 
2 0.68671875 0.87109375 0.046875 0.078125 
2 0.75546875 0.83671875 0.03203125 0.02578125 
2 0.12578125 0.91328125 0.1015625 0.1390625 
2 0.75625 0.89609375 0.0875 0.1046875 
2 0.296875 0.875 0.02890625 0.04609375 
2 0.071875 0.93046875 0.14296875 0.13515625 
2 0.796875 0.8640625 0.04453125 0.06328125 
2 0.64296875 0.9078125 0.08046875 0.1140625 
2 0.92265625 0.92265625 0.1515625 0.1546875 
2 0.25390625 0.89140625 0.07421875 0.09921875 
2 0.534375 0.9171875 0.19375 0.165625 
11 0.76953125 0.59609375 0.046875 0.0234375 
11 0.8890625 0.5859375 0.0421875 0.01953125 
