2 0.2546875 0.8375 0.01953125 0.02890625 
2 0.5953125 0.846875 0.0171875 0.03515625 
2 0.85234375 0.846875 0.0203125 0.040625 
2 0.603125 0.85390625 0.0140625 0.0390625 
2 0.5890625 0.86484375 0.0109375 0.059375 
2 0.91953125 0.8875 0.15625 0.19921875 
2 0.640625 0.87109375 0.0359375 0.06953125 
2 0.2765625 0.840625 0.0265625 0.028125 
2 0.39453125 0.853125 0.02734375 0.0453125 
2 0.6984375 0.88828125 0.08671875 0.13828125 
2 0.615625 0.85859375 0.02578125 0.046875 
2 0.77890625 0.91640625 0.14453125 0.16015625 
2 0.084375 0.9234375 0.16796875 0.153125 
