2 0.45 0.84609375 0.02734375 0.046875 
2 0.40234375 0.84375 0.01484375 0.01953125 
2 0.35546875 0.8484375 0.01640625 0.021875 
2 0.25859375 0.87109375 0.02109375 0.03125 
2 0.43046875 0.85390625 0.028125 0.03828125 
2 0.2203125 0.86796875 0.034375 0.034375 
2 0.3046875 0.86640625 0.0265625 0.04140625 
2 0.66796875 0.85859375 0.04296875 0.05703125 
2 0.37109375 0.8703125 0.084375 0.06328125 
2 0.334375 0.86171875 0.03046875 0.04296875 
2 0.8265625 0.8359375 0.03125 0.046875 
2 0.7828125 0.84296875 0.0875 0.0640625 
2 0.028125 0.86875 0.05625 0.078125 
2 0.58203125 0.91875 0.27734375 0.16171875 
