2 0.91328125 0.846875 0.0328125 0.04375 
2 0.8828125 0.87109375 0.02421875 0.04140625 
2 0.31328125 0.8609375 0.00859375 0.07109375 
5 0.58515625 0.81875 0.03125 0.046875 
2 0.6796875 0.91328125 0.06796875 0.12578125 
2 0.5859375 0.81875 0.03203125 0.046875 
2 0.9 0.84140625 0.025 0.03515625 
2 0.1796875 0.84609375 0.02421875 0.034375 
2 0.20234375 0.86796875 0.03359375 0.06875 
2 0.940625 0.90625 0.11640625 0.153125 
2 0.6390625 0.89140625 0.0421875 0.09140625 
2 0.85 0.88515625 0.07109375 0.1 
2 0.25625 0.88046875 0.08828125 0.12421875 
2 0.76796875 0.925 0.19375 0.15 
2 0.04765625 0.92421875 0.09453125 0.15078125 
