2 0.30078125 0.865625 0.034375 0.04453125 
2 0.403125 0.853125 0.01484375 0.03515625 
2 0.25 0.865625 0.03671875 0.03828125 
2 0.4515625 0.84609375 0.03046875 0.046875 
2 0.36015625 0.85859375 0.02109375 0.03671875 
2 0.3859375 0.85625 0.0328125 0.0390625 
3 0.9546875 0.78515625 0.090625 0.1234375 
2 0.0625 0.87109375 0.03203125 0.0390625 
2 0.42890625 0.85546875 0.03203125 0.0390625 
2 0.3359375 0.8625 0.03203125 0.04140625 
2 0.97890625 0.81640625 0.04140625 0.06484375 
2 0.0296875 0.8734375 0.03828125 0.03828125 
2 0.58046875 0.91953125 0.271875 0.1609375 
2 0.86875 0.82734375 0.07890625 0.07109375 
