2 0.8375 0.7671875 0.02265625 0.0359375 
2 0.70625 0.78203125 0.0890625 0.08984375 
0 0.8796875 0.75859375 0.00625 0.0453125 
2 0.1484375 0.85546875 0.0296875 0.04140625 
2 0.00546875 0.825 0.0109375 0.034375 
5 0.70703125 0.78125 0.090625 0.08984375 
2 0.0796875 0.82421875 0.021875 0.028125 
2 0.02890625 0.82109375 0.04140625 0.05078125 
2 0.92890625 0.75859375 0.0546875 0.0515625 
2 0.19453125 0.8484375 0.09921875 0.06640625 
2 0.48828125 0.8234375 0.08359375 0.06484375 
7 0.678125 0.18515625 0.09609375 0.06484375 
7 0.63828125 0.6796875 0.0171875 0.0109375 
