2 0.63046875 0.85234375 0.02734375 0.03203125 
2 0.4453125 0.9015625 0.01953125 0.0640625 
2 0.37734375 0.85 0.03359375 0.05 
7 0.7375 0.66796875 0.028125 0.01640625 
2 0.6703125 0.86328125 0.06171875 0.0703125 
2 0.8375 0.8390625 0.0375 0.03984375 
2 0.67109375 0.9046875 0.046875 0.08671875 
2 0.1109375 0.94375 0.2203125 0.11171875 
2 0.40390625 0.909375 0.0875 0.12890625 
2 0.88671875 0.90390625 0.22578125 0.19140625 
2 0.27578125 0.91328125 0.19765625 0.171875 
2 0.75234375 0.90703125 0.15390625 0.18203125 
2 0.559375 0.92109375 0.2515625 0.15703125 
7 0.64140625 0.675 0.03046875 0.01484375 
