0 0.0046875 0.859375 0.00703125 0.05 
2 0.240625 0.86640625 0.03203125 0.03515625 
2 0.05859375 0.86953125 0.025 0.0359375 
2 0.1484375 0.86875 0.021875 0.034375 
2 0.3015625 0.865625 0.021875 0.03984375 
2 0.40703125 0.85 0.01953125 0.03671875 
2 0.16796875 0.86953125 0.03671875 0.03515625 
2 0.21953125 0.86640625 0.0265625 0.0359375 
2 0.4515625 0.84609375 0.03046875 0.046875 
2 0.03671875 0.87265625 0.03984375 0.03828125 
2 0.715625 0.8796875 0.14140625 0.1 
2 0.36015625 0.859375 0.02109375 0.03671875 
2 0.3375 0.86171875 0.02734375 0.03984375 
2 0.8375 0.828125 0.02890625 0.0390625 
2 0.428125 0.85546875 0.0328125 0.040625 
2 0.38515625 0.85625 0.03359375 0.0390625 
2 0.7640625 0.8296875 0.04453125 0.0515625 
2 0.81328125 0.83046875 0.03984375 0.04296875 
2 0.58125 0.91953125 0.27734375 0.16015625 
