2 0.8171875 0.8515625 0.03046875 0.03046875 
2 0.65703125 0.8578125 0.01796875 0.03046875 
5 0.58515625 0.81875 0.03125 0.0484375 
2 0.88125 0.86640625 0.025 0.040625 
2 0.5859375 0.81875 0.03203125 0.05 
2 0.95390625 0.93671875 0.090625 0.12578125 
2 0.67890625 0.9125 0.06640625 0.1265625 
2 0.915625 0.8609375 0.040625 0.04609375 
2 0.20078125 0.84765625 0.02734375 0.03203125 
2 0.6390625 0.89140625 0.04140625 0.090625 
2 0.94140625 0.90078125 0.1140625 0.128125 
2 0.8484375 0.88515625 0.075 0.1 
2 0.7671875 0.925 0.19453125 0.15 
