4 0.678125 0.915625 0.0640625 0.12421875 
2 0.8828125 0.87109375 0.021875 0.0390625 
2 0.19609375 0.85546875 0.02578125 0.03046875 
2 0.67890625 0.9140625 0.065625 0.12421875 
5 0.58515625 0.81875 0.03125 0.046875 
2 0.5859375 0.81875 0.03203125 0.0484375 
2 0.17421875 0.846875 0.021875 0.03359375 
2 0.2171875 0.85859375 0.02421875 0.040625 
2 0.6390625 0.89140625 0.0421875 0.090625 
2 0.93984375 0.90625 0.1171875 0.15 
2 0.24453125 0.86640625 0.03671875 0.059375 
2 0.8484375 0.88515625 0.071875 0.1 
2 0.271875 0.89375 0.0875 0.09453125 
2 0.76796875 0.92421875 0.19375 0.15 
