2 0.35703125 0.84453125 0.01875 0.01953125 
2 0.4078125 0.84921875 0.01953125 0.03828125 
2 0.45234375 0.84609375 0.03125 0.0484375 
2 0.73984375 0.8609375 0.0375 0.06328125 
2 0.596875 0.84296875 0.0328125 0.034375 
3 0.02734375 0.84609375 0.0546875 0.0890625 
2 0.32734375 0.86640625 0.10078125 0.09140625 
2 0.0140625 0.88828125 0.028125 0.0609375 
2 0.2671875 0.8609375 0.04140625 0.078125 
2 0.428125 0.85546875 0.0328125 0.040625 
2 0.3859375 0.85625 0.03359375 0.0390625 
2 0.89453125 0.83671875 0.1 0.078125 
2 0.7 0.8640625 0.10234375 0.0796875 
2 0.58046875 0.9234375 0.275 0.153125 
17 0.8734375 0.74375 0.01015625 0.0453125 
7 0.76328125 0.65703125 0.0296875 0.01484375 
7 0.70390625 0.66171875 0.028125 0.01640625 
