7 0.7375 0.66796875 0.028125 0.01640625 
2 0.47890625 0.859375 0.01796875 0.0296875 
2 0.32109375 0.86875 0.0609375 0.06796875 
2 0.36328125 0.87109375 0.03828125 0.05 
2 0.671875 0.8984375 0.05390625 0.10546875 
2 0.8375 0.83984375 0.034375 0.0390625 
2 0.4515625 0.85859375 0.028125 0.03203125 
2 0.40546875 0.91015625 0.090625 0.128125 
2 0.88671875 0.90546875 0.22578125 0.1890625 
2 0.27421875 0.9140625 0.2 0.1703125 
2 0.753125 0.90703125 0.15390625 0.18203125 
2 0.559375 0.9203125 0.25 0.159375 
7 0.640625 0.67734375 0.0328125 0.015625 
