2 0.58125 0.853125 0.0171875 0.02578125 
2 0.5578125 0.85390625 0.0140625 0.01953125 
5 0.07265625 0.9125 0.14296875 0.17109375 
2 0.44296875 0.8671875 0.01171875 0.01953125 
2 0.07109375 0.91171875 0.140625 0.16953125 
2 0.23828125 0.93359375 0.11484375 0.11953125 
2 0.534375 0.85703125 0.0125 0.02109375 
2 0.6125 0.85078125 0.021875 0.0390625 
2 0.38828125 0.88203125 0.021875 0.04375 
2 0.46484375 0.86328125 0.015625 0.0234375 
2 0.31953125 0.9015625 0.0796875 0.10859375 
2 0.41640625 0.875 0.03984375 0.0609375 
2 0.5078125 0.859375 0.01640625 0.0296875 
2 0.63359375 0.859375 0.02265625 0.0453125 
2 0.3703125 0.88671875 0.0296875 0.0453125 
2 0.6609375 0.8703125 0.05078125 0.06640625 
