0 0.32265625 0.92109375 0.02109375 0.15703125 
2 0.2484375 0.865625 0.03515625 0.03828125 
2 0.81484375 0.85625 0.03046875 0.05 
2 0.4078125 0.84765625 0.01875 0.0359375 
2 0.0734375 0.87265625 0.0671875 0.09375 
2 0.30390625 0.865625 0.02421875 0.03984375 
2 0.60625 0.840625 0.02265625 0.03671875 
2 0.4515625 0.84609375 0.03046875 0.0484375 
2 0.359375 0.85859375 0.02109375 0.03671875 
2 0.3859375 0.85625 0.034375 0.0390625 
2 0.653125 0.83671875 0.02265625 0.0296875 
2 0.33671875 0.8625 0.03046875 0.03984375 
2 0.428125 0.85546875 0.03203125 0.040625 
2 0.865625 0.84375 0.10390625 0.0796875 
2 0.6921875 0.84140625 0.03046875 0.04375 
2 0.5796875 0.92109375 0.2734375 0.15703125 
