2 0.22265625 0.8671875 0.02890625 0.03828125 
2 0.3078125 0.8609375 0.03671875 0.05546875 
2 0.43203125 0.84609375 0.01875 0.0234375 
2 0.40703125 0.8390625 0.01953125 0.03671875 
2 0.36328125 0.859375 0.02578125 0.03359375 
2 0.25078125 0.8640625 0.02890625 0.0390625 
2 0.08046875 0.89296875 0.10546875 0.0890625 
2 0.14296875 0.86640625 0.0375 0.040625 
2 0.39453125 0.85390625 0.03359375 0.04140625 
2 0.57890625 0.91796875 0.2734375 0.1640625 
7 0.7640625 0.65859375 0.02890625 0.01875 
7 0.7046875 0.6625 0.0296875 0.01640625 
