1 0.4390625 0.86953125 0.04453125 0.13359375 
2 0.81796875 0.853125 0.0296875 0.03359375 
2 0.909375 0.85390625 0.040625 0.05546875 
2 0.67890625 0.9140625 0.0671875 0.12421875 
5 0.58515625 0.81875 0.03125 0.046875 
2 0.5859375 0.81875 0.03203125 0.0484375 
2 0.2375 0.8734375 0.02890625 0.084375 
2 0.63984375 0.89140625 0.0421875 0.09140625 
2 0.94140625 0.9078125 0.1171875 0.153125 
2 0.84921875 0.88515625 0.071875 0.1 
2 0.76796875 0.925 0.19375 0.15 
2 0.1828125 0.8984375 0.121875 0.14140625 
