2 0.82421875 0.85 0.0171875 0.0296875 
2 0.61796875 0.82734375 0.01953125 0.0359375 
2 0.04296875 0.8546875 0.02890625 0.04609375 
11 0.7734375 0.73671875 0.01875 0.0109375 
2 0.8875 0.85078125 0.02265625 0.028125 
2 0.703125 0.85546875 0.0171875 0.02578125 
2 0.55234375 0.91328125 0.03125 0.05546875 
2 0.8640625 0.84921875 0.01796875 0.02890625 
0 0.21015625 0.87421875 0.00859375 0.05859375 
2 0.72734375 0.85703125 0.025 0.03671875 
2 0.11171875 0.859375 0.021875 0.03046875 
0 0.22265625 0.878125 0.00703125 0.053125 
2 0.41875 0.86796875 0.0265625 0.03984375 
2 0.08046875 0.85703125 0.021875 0.03359375 
2 0.6515625 0.8625 0.0234375 0.04140625 
2 0.14296875 0.859375 0.04921875 0.04140625 
2 0.753125 0.85703125 0.02734375 0.034375 
2 0.05859375 0.85234375 0.0578125 0.0546875 
2 0.39375 0.871875 0.0375 0.053125 
2 0.3703125 0.86953125 0.03671875 0.05390625 
2 0.0265625 0.85546875 0.04765625 0.04921875 
2 0.7984375 0.88515625 0.04921875 0.078125 
2 0.9234375 0.896875 0.12421875 0.109375 
2 0.68203125 0.9078125 0.08203125 0.11171875 
11 0.73359375 0.73984375 0.0203125 0.01328125 
