2 0.99296875 0.746875 0.0125 0.040625 
2 0.525 0.82265625 0.02109375 0.03046875 
2 0.95703125 0.75390625 0.0171875 0.0359375 
2 0.975 0.75546875 0.046875 0.05859375 
2 0.8671875 0.771875 0.03046875 0.03828125 
2 0.03359375 0.8203125 0.04140625 0.05 
2 0.8890625 0.76484375 0.04375 0.04453125 
2 0.73203125 0.79296875 0.0671875 0.05625 
2 0.0203125 0.84609375 0.040625 0.0703125 
2 0.5578125 0.815625 0.06328125 0.04921875 
2 0.3546875 0.8375 0.0984375 0.065625 
2 0.24140625 0.83125 0.09296875 0.06953125 
7 0.67265625 0.1875 0.08515625 0.0625 
