2 0.4484375 0.83828125 0.02421875 0.028125 
2 0.24765625 0.86640625 0.03203125 0.0359375 
2 0.359375 0.859375 0.02109375 0.0390625 
2 0.40234375 0.85390625 0.01796875 0.03671875 
2 0.3046875 0.865625 0.0265625 0.04140625 
2 0.33671875 0.86171875 0.03203125 0.0390625 
2 0.384375 0.85703125 0.03203125 0.03984375 
2 0.42734375 0.85703125 0.03046875 0.04140625 
2 0.98203125 0.81328125 0.0359375 0.06328125 
2 0.5828125 0.9203125 0.27109375 0.159375 
7 0.76484375 0.6578125 0.0296875 0.01484375 
7 0.703125 0.66171875 0.02734375 0.015625 
