2 0.5296875 0.85546875 0.0140625 0.03359375 
2 0.40703125 0.871875 0.02265625 0.03125 
2 0.56015625 0.8625 0.03203125 0.0453125 
2 0.609375 0.85859375 0.03515625 0.04453125 
2 0.51484375 0.86171875 0.03046875 0.04609375 
2 0.74140625 0.85546875 0.040625 0.05703125 
2 0.684375 0.84921875 0.02890625 0.04296875 
2 0.64375 0.85625 0.03203125 0.0390625 
2 0.3625 0.878125 0.04140625 0.0515625 
2 0.08203125 0.92109375 0.05859375 0.09453125 
2 0.02890625 0.91796875 0.0578125 0.1640625 
2 0.225 0.92578125 0.14296875 0.14453125 
