2 0.409375 0.859375 0.01328125 0.0234375 
2 0.57734375 0.85390625 0.03125 0.03984375 
2 0.4984375 0.85703125 0.0234375 0.03359375 
2 0.53671875 0.85859375 0.02734375 0.03515625 
2 0.39140625 0.86328125 0.02421875 0.03359375 
2 0.35625 0.884375 0.0609375 0.07578125 
2 0.60703125 0.84921875 0.02890625 0.03828125 
2 0.20859375 0.8609375 0.03515625 0.0484375 
2 0.17109375 0.90703125 0.11796875 0.11640625 
2 0.32421875 0.88046875 0.028125 0.04140625 
2 0.65859375 0.846875 0.03046875 0.04140625 
2 0.24765625 0.890625 0.04765625 0.0640625 
2 0.70625 0.8515625 0.0390625 0.05546875 
2 0.025 0.92578125 0.04921875 0.14453125 
