2 0.3203125 0.86953125 0.06875 0.07421875 
6 0.73828125 0.6671875 0.02890625 0.01796875 
2 0.6640625 0.8921875 0.03671875 0.075 
2 0.44609375 0.9015625 0.01875 0.06328125 
2 0.6640625 0.86953125 0.05546875 0.08359375 
2 0.99140625 0.915625 0.0171875 0.14921875 
2 0.990625 0.871875 0.01875 0.09140625 
2 0.80625 0.84296875 0.046875 0.046875 
2 0.11484375 0.940625 0.2296875 0.11875 
2 0.40390625 0.91015625 0.090625 0.128125 
2 0.878125 0.91015625 0.240625 0.1796875 
2 0.275 0.9140625 0.19609375 0.1703125 
2 0.73125 0.90703125 0.13671875 0.1765625 
2 0.559375 0.9203125 0.253125 0.159375 
6 0.63984375 0.67890625 0.03046875 0.01328125 
