0 0.0484375 0.859375 0.00703125 0.0546875 
2 0.2484375 0.865625 0.03515625 0.03828125 
0 0.32265625 0.9203125 0.02109375 0.15546875 
2 0.45078125 0.84609375 0.02890625 0.046875 
2 0.40234375 0.853125 0.0171875 0.03671875 
2 0.3046875 0.86640625 0.02578125 0.03984375 
2 0.36015625 0.859375 0.0203125 0.03671875 
2 0.3375 0.8625 0.03046875 0.03984375 
2 0.38515625 0.85703125 0.03203125 0.03984375 
2 0.42890625 0.85546875 0.03203125 0.040625 
2 0.1265625 0.87890625 0.08828125 0.06171875 
2 0.9828125 0.80546875 0.034375 0.0515625 
2 0.81796875 0.8359375 0.0890625 0.06875 
2 0.57890625 0.921875 0.26875 0.15625 
