2 0.95234375 0.93984375 0.0875 0.1203125 
1 0.43828125 0.86953125 0.04453125 0.13203125 
2 0.81796875 0.853125 0.0296875 0.03359375 
2 0.17265625 0.846875 0.01953125 0.03125 
5 0.5859375 0.81875 0.03203125 0.0484375 
2 0.18046875 0.84609375 0.01953125 0.03359375 
2 0.909375 0.8546875 0.040625 0.05703125 
2 0.6796875 0.9140625 0.06796875 0.12578125 
2 0.5859375 0.81875 0.03203125 0.05 
2 0.6390625 0.89140625 0.0421875 0.09140625 
2 0.940625 0.9015625 0.115625 0.1359375 
2 0.84921875 0.884375 0.071875 0.1 
2 0.76796875 0.92578125 0.19375 0.1484375 
