2 0.4765625 0.88359375 0.02734375 0.059375 
2 0.66171875 0.890625 0.03515625 0.06640625 
2 0.65859375 0.86171875 0.04375 0.0640625 
7 0.7375 0.66796875 0.02734375 0.01640625 
2 0.99296875 0.9203125 0.0140625 0.13671875 
2 0.4453125 0.90078125 0.01953125 0.0609375 
2 0.9921875 0.87109375 0.015625 0.07578125 
2 0.80625 0.84375 0.04609375 0.046875 
2 0.115625 0.94140625 0.22890625 0.11640625 
2 0.403125 0.9109375 0.0890625 0.128125 
2 0.878125 0.91171875 0.240625 0.1765625 
2 0.27578125 0.9140625 0.19609375 0.1703125 
2 0.73125 0.90703125 0.13515625 0.178125 
2 0.559375 0.92109375 0.2515625 0.15703125 
