2 0.3015625 0.86796875 0.02265625 0.0265625 
2 0.3328125 0.86484375 0.01328125 0.021875 
0 0.00390625 0.86640625 0.00703125 0.0515625 
2 0.42421875 0.86484375 0.03203125 0.0390625 
3 0.16171875 0.85546875 0.09609375 0.08671875 
2 0.615625 0.8515625 0.0390625 0.03984375 
2 0.64296875 0.8515625 0.02578125 0.0453125 
2 0.58515625 0.853125 0.02890625 0.0296875 
2 0.365625 0.865625 0.015625 0.0265625 
2 0.40390625 0.865625 0.01875 0.03125 
2 0.234375 0.878125 0.03046875 0.03359375 
2 0.73828125 0.84609375 0.03046875 0.04453125 
2 0.69765625 0.8484375 0.01171875 0.02890625 
2 0.3828125 0.871875 0.03359375 0.04140625 
2 0.67421875 0.85625 0.0453125 0.06171875 
2 0.7953125 0.88046875 0.10078125 0.11640625 
2 0.896875 0.9015625 0.20625 0.19609375 
2 0.571875 0.928125 0.22890625 0.14140625 
11 0.70625 0.67109375 0.03125 0.01328125 
11 0.76875 0.66328125 0.028125 0.01328125 
