2 0.27890625 0.87109375 0.0390625 0.0609375 
0 0.04765625 0.8609375 0.00703125 0.059375 
2 0.25078125 0.8625 0.01953125 0.03203125 
2 0.38203125 0.859375 0.025 0.040625 
2 0.6171875 0.83046875 0.01328125 0.025 
2 0.14765625 0.8828125 0.04453125 0.07109375 
2 0.2609375 0.86953125 0.021875 0.04453125 
2 0.32890625 0.85859375 0.021875 0.03515625 
2 0.30703125 0.8609375 0.0265625 0.04921875 
2 0.00625 0.87578125 0.0125 0.08984375 
2 0.4078125 0.85390625 0.0203125 0.0390625 
2 0.43515625 0.8484375 0.0359375 0.053125 
2 0.4828125 0.86484375 0.05703125 0.059375 
2 0.58046875 0.91953125 0.27265625 0.1609375 
