0 0.046875 0.86171875 0.00703125 0.053125 
0 0.05390625 0.8609375 0.00703125 0.0515625 
0 0.32265625 0.92109375 0.02109375 0.15703125 
2 0.24921875 0.86640625 0.0328125 0.03828125 
2 0.4078125 0.8484375 0.01953125 0.0359375 
0 0.01015625 0.86328125 0.009375 0.059375 
2 0.115625 0.86875 0.02890625 0.040625 
2 0.4515625 0.84609375 0.03046875 0.046875 
2 0.09296875 0.86796875 0.05 0.04296875 
2 0.359375 0.85859375 0.021875 0.03671875 
2 0.303125 0.86484375 0.0234375 0.040625 
2 0.33671875 0.8625 0.0328125 0.03984375 
2 0.3859375 0.85703125 0.034375 0.0390625 
2 0.428125 0.85546875 0.03359375 0.040625 
2 0.7453125 0.8359375 0.0328125 0.03671875 
2 0.58046875 0.921875 0.27421875 0.15625 
7 0.70390625 0.66171875 0.02734375 0.015625 
7 0.76484375 0.6578125 0.02890625 0.01484375 
17 0.875 0.74375 0.0109375 0.03828125 
