7 0.7375 0.66796875 0.028125 0.01875 
2 0.4453125 0.9015625 0.01953125 0.06328125 
2 0.66953125 0.865625 0.06484375 0.0734375 
2 0.31953125 0.86640625 0.05859375 0.06328125 
2 0.67109375 0.903125 0.04921875 0.09140625 
2 0.8375 0.8390625 0.03515625 0.03984375 
2 0.35859375 0.86484375 0.0359375 0.040625 
2 0.40390625 0.909375 0.0875 0.12890625 
2 0.88671875 0.9046875 0.22578125 0.190625 
2 0.275 0.9140625 0.20078125 0.1703125 
2 0.753125 0.9078125 0.15390625 0.18046875 
2 0.559375 0.92109375 0.2515625 0.15703125 
7 0.640625 0.67890625 0.03359375 0.01875 
