2 0.61640625 0.80859375 0.04296875 0.0546875 
2 0.88828125 0.76953125 0.034375 0.04296875 
2 0.66953125 0.79453125 0.02109375 0.03359375 
2 0.92890625 0.753125 0.0296875 0.04140625 
2 0.42421875 0.8171875 0.02421875 0.06171875 
2 0.64296875 0.8046875 0.0671875 0.05546875 
2 0.72890625 0.79453125 0.0296875 0.03984375 
2 0.9078125 0.76640625 0.053125 0.04609375 
2 0.7515625 0.79140625 0.040625 0.04375 
2 0.03203125 0.840625 0.06328125 0.0765625 
2 0.378125 0.821875 0.084375 0.07421875 
2 0.0890625 0.8484375 0.1109375 0.08125 
7 0.67265625 0.19140625 0.0921875 0.05625 
7 0.63671875 0.67890625 0.01484375 0.0125 
17 0.1515625 0.6734375 0.03125 0.1046875 
