15 0.69453125 0.4484375 0.0140625 0.01640625 
5 0.01328125 0.821875 0.0265625 0.16171875 
2 0.98984375 0.56953125 0.01875 0.03046875 
2 0.4546875 0.840625 0.021875 0.040625 
2 0.28515625 0.85859375 0.01875 0.0296875 
2 0.2625 0.85859375 0.02890625 0.03203125 
2 0.58046875 0.8359375 0.02421875 0.025 
2 0.315625 0.85703125 0.02578125 0.03359375 
2 0.3578125 0.85546875 0.03046875 0.03828125 
2 0.39921875 0.85078125 0.028125 0.0390625 
2 0.4390625 0.85078125 0.02890625 0.0359375 
2 0.66640625 0.83359375 0.0203125 0.02578125 
2 0.634375 0.840625 0.02734375 0.03828125 
2 0.55703125 0.9171875 0.1375 0.16015625 
