2 0.44296875 0.8984375 0.025 0.065625 
7 0.7375 0.66796875 0.028125 0.01875 
2 0.66953125 0.86328125 0.065625 0.0703125 
2 0.44765625 0.85703125 0.03203125 0.0390625 
2 0.8375 0.8390625 0.03515625 0.0390625 
2 0.671875 0.90546875 0.0484375 0.0890625 
2 0.40234375 0.9109375 0.09296875 0.12578125 
2 0.8859375 0.9046875 0.225 0.190625 
2 0.753125 0.9078125 0.15390625 0.18046875 
2 0.27421875 0.9140625 0.2 0.1703125 
2 0.559375 0.92109375 0.25234375 0.15703125 
7 0.64140625 0.67578125 0.0328125 0.015625 
