3 0.11640625 0.8625 0.10859375 0.08828125 
0 0.0359375 0.871875 0.0078125 0.06328125 
2 0.57734375 0.8546875 0.0203125 0.028125 
2 0.3140625 0.8734375 0.01171875 0.02421875 
2 0.60546875 0.85546875 0.03828125 0.040625 
2 0.2921875 0.8765625 0.0203125 0.02890625 
2 0.63203125 0.8546875 0.025 0.04609375 
2 0.2515625 0.87578125 0.02578125 0.028125 
2 0.3984375 0.8703125 0.0203125 0.03359375 
2 0.4390625 0.86328125 0.01640625 0.0453125 
2 0.325 0.87109375 0.01796875 0.0265625 
2 0.715625 0.84921875 0.02109375 0.0390625 
2 0.36015625 0.87421875 0.01484375 0.03359375 
2 0.22109375 0.88203125 0.0265625 0.03359375 
2 0.4234375 0.871875 0.03046875 0.04296875 
2 0.6828125 0.85390625 0.01328125 0.028125 
2 0.378125 0.87734375 0.0359375 0.04140625 
2 0.98359375 0.87265625 0.03203125 0.13984375 
2 0.66015625 0.85859375 0.040625 0.053125 
2 0.56328125 0.93125 0.2171875 0.1359375 
2 0.7703125 0.909375 0.17421875 0.18046875 
11 0.7125 0.66640625 0.03046875 0.01796875 
11 0.7765625 0.6625 0.0328125 0.01796875 
