2 0.44609375 0.90078125 0.01875 0.0609375 
2 0.76484375 0.83671875 0.0609375 0.03671875 
6 0.73828125 0.6671875 0.028125 0.01796875 
2 0.6921875 0.865625 0.04453125 0.05 
2 0.1140625 0.940625 0.228125 0.11875 
2 0.40390625 0.91015625 0.09140625 0.128125 
2 0.646875 0.89140625 0.04609375 0.09609375 
2 0.275 0.9140625 0.19609375 0.1703125 
2 0.9453125 0.91484375 0.109375 0.1703125 
2 0.7640625 0.91875 0.16328125 0.16171875 
2 0.55859375 0.9203125 0.24453125 0.159375 
6 0.63984375 0.67734375 0.0328125 0.01796875 
