2 0.78203125 0.90546875 0.08359375 0.14453125 
2 0.9515625 0.7984375 0.028125 0.04921875 
2 0.38515625 0.8484375 0.01171875 0.021875 
0 0.321875 0.91796875 0.02109375 0.16015625 
2 0.30703125 0.86328125 0.03984375 0.05546875 
2 0.96328125 0.796875 0.0421875 0.05703125 
2 0.4390625 0.84140625 0.01953125 0.03515625 
2 0.4 0.84765625 0.0140625 0.025 
2 0.92421875 0.81875 0.0375 0.0390625 
2 0.328125 0.85859375 0.01640625 0.03671875 
3 0.1484375 0.84140625 0.11015625 0.13203125 
2 0.85078125 0.90859375 0.2109375 0.1703125 
2 0.41796875 0.84609375 0.02109375 0.0296875 
2 0.26484375 0.86015625 0.0203125 0.03359375 
3 0.046875 0.8484375 0.09375 0.225 
2 0.36484375 0.85625 0.02578125 0.03984375 
2 0.68984375 0.840625 0.0328125 0.03984375 
2 0.9640625 0.88125 0.071875 0.23203125 
2 0.5796875 0.92421875 0.26953125 0.1515625 
