2 0.41640625 0.8515625 0.03203125 0.05859375 
2 0.67265625 0.82421875 0.034375 0.0359375 
2 0.6265625 0.85703125 0.04453125 0.07890625 
2 0.19296875 0.87890625 0.10078125 0.0953125 
2 0.01484375 0.9 0.0296875 0.19375 
2 0.7703125 0.8484375 0.0265625 0.0390625 
2 0.48046875 0.85 0.03359375 0.0484375 
2 0.9609375 0.859375 0.07578125 0.078125 
2 0.396875 0.85546875 0.0546875 0.06328125 
2 0.85703125 0.9203125 0.2734375 0.159375 
2 0.1203125 0.878125 0.09296875 0.08515625 
2 0.6515625 0.88125 0.06015625 0.09609375 
2 0.29921875 0.8890625 0.134375 0.16484375 
2 0.7203125 0.9109375 0.10703125 0.16953125 
2 0.54375 0.90703125 0.1328125 0.18515625 
7 0.71171875 0.6578125 0.028125 0.015625 
7 0.79375 0.65078125 0.03203125 0.01640625 
