0 0.234375 0.86953125 0.009375 0.05625 
2 0.9921875 0.8609375 0.015625 0.06484375 
2 0.61484375 0.821875 0.01796875 0.0390625 
2 0.21171875 0.86171875 0.0359375 0.03515625 
0 0.24453125 0.87421875 0.0078125 0.05546875 
2 0.85078125 0.846875 0.0171875 0.028125 
2 0.10546875 0.85546875 0.01796875 0.03125 
2 0.87734375 0.85234375 0.03125 0.0359375 
2 0.01640625 0.846875 0.01640625 0.028125 
2 0.990625 0.8421875 0.01875 0.03203125 
2 0.165625 0.85859375 0.03515625 0.03515625 
2 0.64609375 0.86171875 0.0203125 0.04140625 
2 0.14140625 0.85546875 0.0234375 0.03828125 
2 0.7640625 0.853125 0.02890625 0.04296875 
2 0.06953125 0.84921875 0.03125 0.046875 
2 0.94765625 0.89765625 0.1046875 0.1140625 
2 0.42265625 0.87109375 0.01796875 0.05 
2 0.7296875 0.85859375 0.03125 0.03671875 
2 0.0453125 0.8515625 0.05234375 0.0453125 
2 0.7953125 0.878125 0.0609375 0.08203125 
2 0.40859375 0.8671875 0.03359375 0.05078125 
2 0.68125 0.909375 0.08671875 0.11640625 
11 0.7609375 0.7390625 0.01953125 0.01015625 
11 0.721875 0.74296875 0.01796875 0.01015625 
