2 0.23125 0.853125 0.03203125 0.025 
1 0.43828125 0.86953125 0.04375 0.13359375 
2 0.91015625 0.8546875 0.0390625 0.05546875 
2 0.66640625 0.85546875 0.02578125 0.04140625 
5 0.58515625 0.81875 0.03125 0.046875 
2 0.178125 0.846875 0.0234375 0.03515625 
2 0.5859375 0.81875 0.03203125 0.0484375 
2 0.68125 0.91171875 0.07109375 0.12890625 
2 0.6390625 0.89140625 0.0421875 0.09140625 
2 0.94140625 0.9125 0.1171875 0.14921875 
2 0.30078125 0.865625 0.03046875 0.06796875 
2 0.309375 0.8765625 0.01640625 0.07578125 
2 0.84921875 0.88515625 0.0734375 0.1 
2 0.76640625 0.925 0.19609375 0.1484375 
