2 0.13671875 0.8796875 0.03203125 0.09296875 
2 0.01953125 0.90390625 0.03828125 0.1765625 
2 0.24921875 0.87421875 0.01015625 0.04140625 
2 0.6828125 0.85546875 0.03671875 0.059375 
2 0.86015625 0.92734375 0.2484375 0.1453125 
2 0.7234375 0.884375 0.06171875 0.08203125 
2 0.14375 0.8625 0.03671875 0.0546875 
2 0.6328125 0.8515625 0.02578125 0.03828125 
2 0.02265625 0.83515625 0.0453125 0.059375 
2 0.2203125 0.88125 0.06328125 0.0765625 
2 0.50234375 0.91875 0.14453125 0.1609375 
2 0.08515625 0.9125 0.13203125 0.17109375 
11 0.86875 0.49609375 0.06015625 0.0328125 
