2 0.28828125 0.86875 0.053125 0.05546875 
2 0.2328125 0.8625 0.02421875 0.0359375 
2 0.24609375 0.8609375 0.01484375 0.0296875 
2 0.440625 0.84453125 0.01640625 0.02578125 
2 0.18671875 0.86796875 0.025 0.03359375 
0 0.0484375 0.85546875 0.0078125 0.06328125 
2 0.2015625 0.86796875 0.02578125 0.03515625 
2 0.41640625 0.84921875 0.021875 0.03046875 
2 0.32890625 0.8609375 0.02421875 0.03828125 
2 0.26484375 0.8609375 0.01796875 0.03515625 
2 0.140625 0.86796875 0.04296875 0.04296875 
2 0.38984375 0.85390625 0.03515625 0.04453125 
2 0.6875 0.88125 0.0765625 0.10078125 
2 0.58359375 0.91875 0.27734375 0.16171875 
2 0.8046875 0.9171875 0.1921875 0.1640625 
6 0.7640625 0.6578125 0.02890625 0.01484375 
6 0.70390625 0.6625 0.03046875 0.01640625 
