2 0.1734375 0.91875 0.05078125 0.10859375 
2 0.40625 0.86953125 0.01640625 0.02421875 
2 0.30546875 0.8890625 0.02421875 0.04140625 
2 0.4984375 0.8625 0.02578125 0.03984375 
2 0.11171875 0.940625 0.08828125 0.09609375 
2 0.38359375 0.8734375 0.028125 0.0390625 
2 0.5796875 0.8609375 0.0328125 0.040625 
2 0.5390625 0.86171875 0.02578125 0.04140625 
2 0.6109375 0.85859375 0.03125 0.03671875 
2 0.71171875 0.8578125 0.040625 0.05625 
2 0.6609375 0.853125 0.03046875 0.04453125 
2 0.21796875 0.903125 0.05390625 0.06796875 
2 0.175 0.86640625 0.03984375 0.04453125 
