2 0.45703125 0.82578125 0.04296875 0.0453125 
2 0.0609375 0.82265625 0.01328125 0.0265625 
2 0.075 0.8234375 0.02265625 0.0265625 
2 0.04609375 0.82109375 0.01875 0.04375 
2 0.1859375 0.8296875 0.02890625 0.059375 
2 0.9953125 0.746875 0.009375 0.03359375 
2 0.00703125 0.8234375 0.0140625 0.03828125 
2 0.934375 0.759375 0.04375 0.046875 
2 0.85625 0.76875 0.02265625 0.04375 
2 0.65234375 0.8015625 0.0390625 0.05546875 
2 0.4828125 0.8234375 0.08203125 0.05390625 
2 0.02421875 0.82109375 0.03203125 0.05 
2 0.83046875 0.77578125 0.0484375 0.0453125 
2 0.6765625 0.8 0.0640625 0.059375 
2 0.275 0.84296875 0.10234375 0.06640625 
2 0.14375 0.8359375 0.0890625 0.06953125 
7 0.67578125 0.190625 0.09296875 0.0578125 
17 0.15234375 0.678125 0.03046875 0.11015625 
7 0.6375 0.678125 0.01328125 0.01015625 
