2 0.00625 0.8203125 0.01171875 0.03359375 
2 0.075 0.821875 0.01953125 0.02421875 
0 0.878125 0.75703125 0.00859375 0.046875 
2 0.00390625 0.84453125 0.0078125 0.06640625 
2 0.2234375 0.85078125 0.02578125 0.0359375 
2 0.046875 0.82109375 0.0203125 0.04375 
2 0.99375 0.7484375 0.01015625 0.03203125 
2 0.309375 0.834375 0.03125 0.04375 
2 0.7390625 0.7890625 0.03515625 0.046875 
2 0.0234375 0.82109375 0.03203125 0.05 
2 0.7578125 0.7859375 0.05703125 0.05 
2 0.26796875 0.84296875 0.09140625 0.06640625 
2 0.54140625 0.80859375 0.0796875 0.0640625 
7 0.675 0.1921875 0.09453125 0.06796875 
