2 0.45078125 0.84609375 0.02890625 0.0484375 
2 0.36015625 0.85859375 0.02109375 0.03515625 
2 0.8390625 0.82265625 0.025 0.046875 
0 0.0296875 0.859375 0.00859375 0.06328125 
2 0.40078125 0.8546875 0.02109375 0.0390625 
2 0.38046875 0.85703125 0.02421875 0.03984375 
2 0.30390625 0.86640625 0.02578125 0.03984375 
2 0.3375 0.8625 0.02890625 0.03984375 
2 0.109375 0.86875 0.04296875 0.04453125 
2 0.43046875 0.85625 0.02734375 0.03984375 
2 0.81171875 0.828125 0.0421875 0.0515625 
2 0.92421875 0.83828125 0.1515625 0.109375 
2 0.5796875 0.91796875 0.27421875 0.1640625 
