2 0.16796875 0.84453125 0.03828125 0.03671875 
2 0.41953125 0.84296875 0.015625 0.0265625 
2 0.44375 0.840625 0.0171875 0.02578125 
3 0.521875 0.83984375 0.1109375 0.15546875 
2 0.2734375 0.87890625 0.05703125 0.1203125 
5 0.7265625 0.84375 0.08671875 0.153125 
2 0.884375 0.909375 0.16015625 0.1359375 
2 0.1453125 0.87890625 0.04921875 0.075 
2 0.7890625 0.884375 0.09921875 0.1046875 
2 0.07734375 0.9109375 0.15390625 0.17578125 
2 0.20703125 0.91875 0.1140625 0.153125 
2 0.4484375 0.925 0.11953125 0.14609375 
