0 0.846875 0.8984375 0.01484375 0.1 
2 0.11484375 0.865625 0.01953125 0.03515625 
2 0.8375 0.853125 0.01484375 0.03203125 
0 0.16953125 0.884375 0.009375 0.0609375 
11 0.79453125 0.72890625 0.0203125 0.01015625 
0 0.1546875 0.8796875 0.009375 0.06640625 
2 0.8703125 0.89375 0.05546875 0.08671875 
2 0.6578125 0.86484375 0.0265625 0.03671875 
2 0.8203125 0.859375 0.02578125 0.04375 
2 0.71328125 0.86015625 0.021875 0.03125 
2 0.2484375 0.87421875 0.034375 0.03671875 
2 0.27734375 0.87109375 0.04609375 0.053125 
2 0.3046875 0.87109375 0.040625 0.05703125 
2 0.75546875 0.86015625 0.025 0.03515625 
2 0.02109375 0.8515625 0.0390625 0.05625 
2 0.0921875 0.859375 0.0546875 0.04921875 
2 0.79140625 0.88515625 0.06015625 0.078125 
2 0.9171875 0.89765625 0.08125 0.10078125 
2 0.68359375 0.9078125 0.078125 0.11015625 
11 0.7515625 0.7328125 0.0203125 0.0109375 
