2 0.6046875 0.83359375 0.01328125 0.0203125 
2 0.99140625 0.815625 0.015625 0.03046875 
2 0.2609375 0.85703125 0.0171875 0.021875 
2 0.3046875 0.86328125 0.02421875 0.04140625 
2 0.57578125 0.8390625 0.01796875 0.02421875 
2 0.4296875 0.8671875 0.04296875 0.06015625 
2 0.978125 0.81796875 0.025 0.028125 
2 0.7828125 0.81875 0.06015625 0.07421875 
2 0.359375 0.85859375 0.02109375 0.03671875 
3 0.78359375 0.81796875 0.06015625 0.071875 
2 0.3375 0.8625 0.0296875 0.03984375 
2 0.384375 0.85625 0.0328125 0.0390625 
2 0.040625 0.90625 0.08046875 0.128125 
2 0.671875 0.8625 0.08203125 0.08203125 
2 0.58046875 0.921875 0.27109375 0.15625 
7 0.76484375 0.65859375 0.0265625 0.0140625 
7 0.70390625 0.66171875 0.0296875 0.01328125 
