2 0.4484375 0.846875 0.0234375 0.0453125 
2 0.35546875 0.87109375 0.04375 0.06015625 
2 0.5421875 0.8359375 0.02421875 0.028125 
2 0.03125 0.83515625 0.0609375 0.121875 
2 0.77109375 0.82578125 0.01875 0.028125 
2 0.79921875 0.825 0.02265625 0.021875 
2 0.28203125 0.8734375 0.05625 0.065625 
2 0.2609375 0.878125 0.02109375 0.04296875 
3 0.03125 0.83515625 0.06171875 0.121875 
2 0.2453125 0.86796875 0.0375 0.04140625 
2 0.40234375 0.853125 0.01640625 0.03671875 
2 0.38515625 0.85625 0.03046875 0.0390625 
3 0.8109375 0.809375 0.33125 0.23046875 
2 0.42890625 0.85625 0.03203125 0.03984375 
2 0.58125 0.91796875 0.278125 0.1640625 
7 0.7640625 0.65625 0.03046875 0.0140625 
7 0.70390625 0.66328125 0.0296875 0.01796875 
