0 0.04765625 0.859375 0.0078125 0.05859375 
2 0.44609375 0.83828125 0.0171875 0.025 
0 0.321875 0.9171875 0.025 0.165625 
2 0.26796875 0.8625 0.0125 0.02890625 
2 0.36640625 0.85546875 0.0140625 0.0265625 
2 0.82890625 0.84921875 0.0265625 0.046875 
2 0.21796875 0.87109375 0.04375 0.05 
2 0.74921875 0.8625 0.11171875 0.08046875 
2 0.34921875 0.85625 0.01484375 0.028125 
2 0.68984375 0.86796875 0.03984375 0.0609375 
2 0.378125 0.85546875 0.0171875 0.03671875 
2 0.4203125 0.8609375 0.07421875 0.0703125 
2 0.3265625 0.8609375 0.03828125 0.0484375 
2 0.58046875 0.91796875 0.2734375 0.1640625 
