2 0.9640625 0.8109375 0.071875 0.09296875 
3 0.9453125 0.8140625 0.10625 0.103125 
3 0.5484375 0.8359375 0.0671875 0.05703125 
0 0.04765625 0.8609375 0.00703125 0.05546875 
2 0.153125 0.86640625 0.02265625 0.03515625 
2 0.00390625 0.90078125 0.0078125 0.0984375 
2 0.26640625 0.86015625 0.03203125 0.0609375 
2 0.17109375 0.86796875 0.03046875 0.03828125 
2 0.34765625 0.8671875 0.03828125 0.053125 
2 0.4203125 0.85859375 0.04765625 0.0609375 
2 0.01328125 0.86640625 0.02578125 0.04921875 
2 0.38046875 0.85703125 0.03359375 0.0515625 
2 0.22734375 0.865625 0.04453125 0.046875 
2 0.58125 0.9234375 0.27578125 0.153125 
