2 0.884375 0.86875 0.02265625 0.04140625 
2 0.95234375 0.94140625 0.0890625 0.11640625 
2 0.65625 0.85703125 0.01640625 0.0296875 
2 0.19765625 0.846875 0.03515625 0.0359375 
5 0.58515625 0.81796875 0.03125 0.046875 
2 0.58515625 0.81875 0.03125 0.0484375 
2 0.67890625 0.91328125 0.065625 0.125 
2 0.2140625 0.8484375 0.0203125 0.02890625 
2 0.91484375 0.8609375 0.040625 0.04453125 
2 0.6390625 0.89140625 0.04140625 0.090625 
2 0.9421875 0.9015625 0.11328125 0.12890625 
2 0.84921875 0.884375 0.078125 0.1015625 
2 0.7671875 0.925 0.19453125 0.1484375 
