2 0.15234375 0.896875 0.0453125 0.06640625 
2 0.50078125 0.8640625 0.02421875 0.03515625 
2 0.396875 0.88125 0.0453125 0.05625 
2 0.5359375 0.86328125 0.02421875 0.034375 
2 0.69765625 0.86328125 0.04140625 0.05625 
2 0.571875 0.8609375 0.0296875 0.03671875 
2 0.31953125 0.8875 0.01640625 0.04375 
2 0.65390625 0.85546875 0.03125 0.04609375 
2 0.6015625 0.85859375 0.03046875 0.03359375 
2 0.3046875 0.88984375 0.03359375 0.05 
2 0.36328125 0.88046875 0.028125 0.03515625 
2 0.059375 0.890625 0.06328125 0.078125 
2 0.02578125 0.93515625 0.0515625 0.1296875 
2 0.246875 0.9 0.08359375 0.1 
2 0.11171875 0.9265625 0.12421875 0.12890625 
