2 0.82421875 0.86171875 0.0390625 0.06484375 
0 0.14921875 0.93828125 0.02109375 0.11796875 
2 0.6203125 0.85390625 0.021875 0.03984375 
2 0.2890625 0.8734375 0.01328125 0.03046875 
2 0.63671875 0.8609375 0.021875 0.053125 
4 0.14921875 0.95078125 0.02109375 0.09453125 
2 0.33671875 0.8765625 0.01484375 0.0359375 
2 0.14140625 0.8890625 0.02734375 0.02578125 
2 0.2796875 0.87578125 0.01796875 0.03046875 
2 0.321875 0.88046875 0.0265625 0.0390625 
2 0.26015625 0.88046875 0.02421875 0.03046875 
2 0.57265625 0.85703125 0.01796875 0.0296875 
2 0.35859375 0.88046875 0.03828125 0.05 
2 0.21015625 0.88203125 0.03515625 0.0359375 
2 0.59375 0.8609375 0.02890625 0.04140625 
2 0.16328125 0.88828125 0.034375 0.03828125 
2 0.7484375 0.8515625 0.03046875 0.0390625 
2 0.7234375 0.85546875 0.01953125 0.04140625 
2 0.71015625 0.86484375 0.028125 0.059375 
2 0.91328125 0.84921875 0.0625 0.1109375 
2 0.66953125 0.88828125 0.08828125 0.11640625 
2 0.85703125 0.88125 0.1046875 0.1359375 
2 0.45546875 0.93046875 0.23515625 0.1390625 
11 0.803125 0.63828125 0.03515625 0.021875 
11 0.73203125 0.64453125 0.034375 0.0203125 
