2 0.753125 0.85078125 0.02109375 0.03046875 
2 0.86015625 0.84921875 0.028125 0.0390625 
2 0.77578125 0.84921875 0.01875 0.028125 
2 0.07109375 0.8546875 0.02265625 0.0390625 
7 0.97578125 0.68203125 0.015625 0.015625 
0 0.05390625 0.86875 0.0125 0.0890625 
2 0.67421875 0.84375 0.02265625 0.01640625 
2 0.92265625 0.84609375 0.01875 0.028125 
0 0.071875 0.871875 0.015625 0.08203125 
2 0.70859375 0.85703125 0.02421875 0.03828125 
2 0.73125 0.8546875 0.02265625 0.03125 
2 0.11328125 0.853125 0.06875 0.05625 
2 0.3609375 0.87578125 0.04453125 0.06640625 
2 0.39140625 0.87578125 0.05546875 0.078125 
2 0.14375 0.85390625 0.0453125 0.05625 
2 0.80625 0.87265625 0.05390625 0.075 
2 0.02265625 0.84609375 0.0453125 0.05546875 
2 0.8875 0.8890625 0.1 0.1015625 
2 0.6828125 0.90078125 0.06015625 0.10546875 
11 0.828125 0.70390625 0.0234375 0.015625 
11 0.77890625 0.70703125 0.0234375 0.01484375 
17 0.35390625 0.79375 0.01171875 0.034375 
