2 0.3703125 0.88125 0.02578125 0.05 
2 0.32109375 0.87109375 0.0640625 0.071875 
2 0.69609375 0.89375 0.03828125 0.0890625 
6 0.73828125 0.6671875 0.02890625 0.01796875 
2 0.44609375 0.9015625 0.01875 0.0609375 
2 0.65390625 0.8578125 0.0171875 0.034375 
2 0.63984375 0.88203125 0.04375 0.08046875 
2 0.40390625 0.91015625 0.090625 0.128125 
2 0.115625 0.94140625 0.2296875 0.11640625 
2 0.275 0.9140625 0.19609375 0.1703125 
2 0.934375 0.90859375 0.13125 0.18125 
2 0.55859375 0.9203125 0.24296875 0.159375 
2 0.76953125 0.9109375 0.18671875 0.178125 
6 0.640625 0.675 0.03125 0.01640625 
