2 0.11640625 0.88046875 0.0328125 0.04140625 
0 0.32265625 0.92109375 0.02109375 0.15625 
2 0.1890625 0.86796875 0.0328125 0.0390625 
2 0.24921875 0.865625 0.034375 0.03828125 
2 0.1421875 0.86953125 0.03046875 0.0390625 
2 0.45 0.84609375 0.02890625 0.046875 
2 0.40234375 0.853125 0.01640625 0.03671875 
2 0.30390625 0.86640625 0.025 0.03984375 
2 0.359375 0.85859375 0.0203125 0.03671875 
2 0.384375 0.85703125 0.03125 0.03984375 
2 0.33671875 0.8625 0.03125 0.03984375 
2 0.428125 0.85546875 0.0328125 0.040625 
2 0.97890625 0.80703125 0.0421875 0.05078125 
2 0.76953125 0.8421875 0.0875 0.06953125 
2 0.0671875 0.878125 0.08046875 0.06015625 
2 0.57890625 0.92109375 0.27109375 0.15703125 
7 0.76484375 0.65859375 0.028125 0.01328125 
7 0.70390625 0.66171875 0.028125 0.0140625 
17 0.875 0.74453125 0.0109375 0.0421875 
