2 0.60546875 0.8609375 0.01875 0.04296875 
2 0.5859375 0.88046875 0.0515625 0.08046875 
2 0.4953125 0.86953125 0.0140625 0.0359375 
2 0.8046875 0.86640625 0.04453125 0.06328125 
2 0.48203125 0.87265625 0.03203125 0.03984375 
2 0.07421875 0.95078125 0.146875 0.096875 
2 0.42890625 0.8890625 0.05546875 0.08359375 
2 0.553125 0.8609375 0.03359375 0.05 
2 0.76484375 0.88203125 0.06796875 0.0859375 
2 0.34765625 0.9015625 0.065625 0.075 
7 0.70625 0.7234375 0.025 0.00859375 
7 0.76015625 0.71875 0.0203125 0.009375 
