2 0.9390625 0.81796875 0.01875 0.03359375 
2 0.6765625 0.81640625 0.0234375 0.06484375 
2 0.64375 0.8484375 0.03359375 0.03828125 
2 0.6203125 0.84453125 0.03125 0.03359375 
2 0.37109375 0.8515625 0.0109375 0.0234375 
2 0.990625 0.790625 0.01640625 0.06640625 
2 0.23828125 0.8609375 0.025 0.03515625 
2 0.21484375 0.871875 0.03671875 0.04921875 
2 0.3578125 0.85234375 0.01484375 0.025 
2 0.41953125 0.84765625 0.021875 0.03046875 
2 0.13828125 0.86796875 0.04296875 0.04296875 
2 0.26484375 0.86015625 0.0203125 0.03359375 
2 0.9609375 0.8125 0.046875 0.0453125 
2 0.88046875 0.83359375 0.0453125 0.06171875 
2 0.7375 0.8765625 0.13359375 0.23984375 
2 0.8390625 0.85078125 0.071875 0.084375 
2 0.3890625 0.85390625 0.03671875 0.04375 
2 0.04375 0.896875 0.08671875 0.0984375 
2 0.578125 0.921875 0.2671875 0.15625 
6 0.76484375 0.65625 0.02890625 0.01171875 
6 0.70390625 0.6609375 0.0296875 0.0171875 
17 0.8734375 0.73828125 0.00859375 0.03203125 
