2 0.8203125 0.85390625 0.01328125 0.03046875 
2 0.0515625 0.8546875 0.02578125 0.04453125 
11 0.76875 0.73828125 0.0171875 0.009375 
2 0.8890625 0.8515625 0.021875 0.02578125 
2 0.71875 0.85859375 0.021875 0.034375 
2 0.4234375 0.86640625 0.0171875 0.04140625 
0 0.21796875 0.87265625 0.00859375 0.053125 
0 0.23125 0.8765625 0.0078125 0.04921875 
2 0.8578125 0.85 0.01328125 0.02578125 
2 0.646875 0.8640625 0.0171875 0.040625 
2 0.13828125 0.85703125 0.04765625 0.04375 
2 0.09140625 0.85703125 0.01953125 0.03359375 
2 0.175 0.8640625 0.02890625 0.03125 
2 0.396875 0.8703125 0.0578125 0.05546875 
2 0.0671875 0.8515625 0.05625 0.053125 
2 0.746875 0.85703125 0.03515625 0.0390625 
2 0.03046875 0.85390625 0.05703125 0.0484375 
2 0.7984375 0.884375 0.04921875 0.0796875 
2 0.92890625 0.8984375 0.125 0.1109375 
2 0.68203125 0.9078125 0.08359375 0.1140625 
11 0.7296875 0.7421875 0.01796875 0.0109375 
