2 0.4625 0.85625 0.021875 0.0265625 
7 0.7375 0.66796875 0.028125 0.01875 
2 0.83515625 0.83828125 0.0375 0.04140625 
2 0.66953125 0.8640625 0.0640625 0.071875 
2 0.62265625 0.840625 0.0390625 0.034375 
2 0.44609375 0.8609375 0.034375 0.03828125 
2 0.67109375 0.90625 0.04609375 0.08671875 
2 0.115625 0.94140625 0.2296875 0.11640625 
2 0.40546875 0.9109375 0.0921875 0.12578125 
2 0.88671875 0.90703125 0.22578125 0.18515625 
2 0.275 0.9140625 0.19609375 0.1703125 
2 0.753125 0.90703125 0.15390625 0.18125 
2 0.55859375 0.9203125 0.2515625 0.159375 
