2 0.99453125 0.7453125 0.0109375 0.04296875 
2 0.975 0.7484375 0.046875 0.06015625 
2 0.58515625 0.80859375 0.04296875 0.05625 
2 0.70859375 0.78828125 0.02578125 0.03359375 
2 0.86015625 0.765625 0.0546875 0.05703125 
2 0.29453125 0.82421875 0.05546875 0.08828125 
2 0.8359375 0.77109375 0.034375 0.05 
2 0.0328125 0.81875 0.0421875 0.0484375 
2 0.65859375 0.7984375 0.03046875 0.0484375 
2 0.60859375 0.80703125 0.08046875 0.06328125 
2 0.021875 0.8515625 0.04375 0.078125 
7 0.675 0.18984375 0.09140625 0.06796875 
