2 0.32109375 0.8703125 0.0625 0.0703125 
2 0.6640625 0.8765625 0.0328125 0.08828125 
2 0.44609375 0.903125 0.01875 0.06328125 
2 0.64765625 0.878125 0.01171875 0.04609375 
6 0.73828125 0.6671875 0.028125 0.01796875 
2 0.3703125 0.88203125 0.02734375 0.05078125 
2 0.771875 0.859375 0.02109375 0.04375 
2 0.75625 0.87109375 0.03359375 0.0765625 
2 0.4046875 0.91015625 0.08984375 0.128125 
2 0.1140625 0.940625 0.228125 0.11875 
2 0.70390625 0.903125 0.1078125 0.16484375 
2 0.27578125 0.9140625 0.196875 0.1703125 
2 0.85546875 0.9140625 0.22421875 0.171875 
2 0.55859375 0.9203125 0.2453125 0.159375 
6 0.640625 0.6765625 0.03515625 0.0171875 
