2 0.64140625 0.8453125 0.01953125 0.028125 
2 0.3203125 0.86796875 0.06015625 0.065625 
2 0.36875 0.86640625 0.02109375 0.02578125 
7 0.7375 0.66796875 0.028125 0.01875 
2 0.44609375 0.9015625 0.01875 0.059375 
2 0.34296875 0.8609375 0.025 0.0390625 
2 0.83515625 0.83671875 0.0359375 0.04375 
2 0.621875 0.846875 0.028125 0.025 
2 0.66875 0.89140625 0.05859375 0.11328125 
2 0.11484375 0.940625 0.22890625 0.11875 
2 0.403125 0.91015625 0.0890625 0.128125 
2 0.88671875 0.9046875 0.22578125 0.190625 
2 0.27578125 0.9140625 0.196875 0.171875 
2 0.75234375 0.90703125 0.15390625 0.18203125 
2 0.56015625 0.9203125 0.25078125 0.159375 
7 0.640625 0.67578125 0.03125 0.01875 
