2 0.66953125 0.86328125 0.0640625 0.06953125 
7 0.7375 0.66796875 0.02890625 0.01875 
2 0.32265625 0.86875 0.06484375 0.06640625 
2 0.48828125 0.85859375 0.05 0.04453125 
2 0.353125 0.86796875 0.028125 0.03515625 
2 0.67109375 0.9015625 0.05 0.09296875 
2 0.83671875 0.83984375 0.034375 0.0390625 
2 0.1140625 0.940625 0.228125 0.11875 
2 0.40234375 0.9109375 0.09140625 0.1265625 
2 0.8859375 0.903125 0.228125 0.19375 
2 0.275 0.9140625 0.19609375 0.1703125 
2 0.75234375 0.90703125 0.15390625 0.18203125 
2 0.56015625 0.92109375 0.25078125 0.15703125 
