2 0.40078125 0.8515625 0.0171875 0.034375 
2 0.328125 0.8625 0.02265625 0.04140625 
2 0.21875 0.87109375 0.040625 0.04453125 
0 0.321875 0.92109375 0.02265625 0.15703125 
2 0.30859375 0.865625 0.02578125 0.04453125 
2 0.446875 0.84453125 0.03203125 0.04609375 
2 0.3484375 0.85859375 0.03046875 0.040625 
2 0.634375 0.834375 0.02890625 0.025 
2 0.38203125 0.85625 0.03046875 0.03984375 
2 0.2640625 0.865625 0.0203125 0.03828125 
2 0.41484375 0.859375 0.03828125 0.04453125 
2 0.5796875 0.92265625 0.27109375 0.1546875 
7 0.7640625 0.65546875 0.02734375 0.015625 
7 0.703125 0.66015625 0.03125 0.0171875 
