2 0.6765625 0.828125 0.03046875 0.03671875 
2 0.2625 0.859375 0.02734375 0.040625 
2 0.06640625 0.896875 0.06015625 0.08125 
2 0.75625 0.84296875 0.028125 0.0359375 
2 0.95546875 0.9140625 0.0890625 0.159375 
2 0.2734375 0.84296875 0.0328125 0.03984375 
2 0.2265625 0.884375 0.10234375 0.09921875 
2 0.621875 0.86015625 0.04375 0.08359375 
2 0.6484375 0.8765625 0.06328125 0.096875 
2 0.4140625 0.84921875 0.04609375 0.06015625 
2 0.134375 0.88046875 0.09296875 0.08671875 
2 0.8203125 0.915625 0.24296875 0.16796875 
2 0.7046875 0.90703125 0.0984375 0.16640625 
2 0.328125 0.88046875 0.11484375 0.14296875 
2 0.0453125 0.92109375 0.090625 0.15703125 
2 0.5390625 0.90703125 0.12421875 0.184375 
7 0.78359375 0.65546875 0.03046875 0.0171875 
7 0.70390625 0.66171875 0.03125 0.015625 
