2 0.98203125 0.80859375 0.0359375 0.05546875 
7 0.7375 0.66796875 0.028125 0.01640625 
2 0.6703125 0.86015625 0.0640625 0.07578125 
2 0.43828125 0.85859375 0.03515625 0.0390625 
2 0.8375 0.83984375 0.03515625 0.0390625 
2 0.671875 0.90546875 0.04765625 0.0890625 
2 0.11484375 0.94140625 0.228125 0.11640625 
2 0.40390625 0.9109375 0.08984375 0.12578125 
2 0.8859375 0.90703125 0.22734375 0.18515625 
2 0.27578125 0.9140625 0.196875 0.171875 
2 0.75234375 0.9078125 0.153125 0.18046875 
2 0.56015625 0.92109375 0.25078125 0.15703125 
