2 0.178125 0.86640625 0.04296875 0.05546875 
2 0.49921875 0.853125 0.021875 0.040625 
2 0.56953125 0.853125 0.02265625 0.03515625 
2 0.9734375 0.80859375 0.04453125 0.04453125 
5 0.53671875 0.84453125 0.046875 0.11796875 
2 0.1984375 0.86640625 0.06015625 0.059375 
2 0.45390625 0.8515625 0.02734375 0.03984375 
2 0.425 0.8515625 0.02109375 0.03671875 
2 0.70625 0.853125 0.09765625 0.08359375 
2 0.4859375 0.859375 0.0375 0.04453125 
2 0.06796875 0.86875 0.04453125 0.06640625 
2 0.353125 0.8515625 0.02421875 0.0359375 
2 0.39765625 0.853125 0.03359375 0.04609375 
2 0.0328125 0.87734375 0.065625 0.0953125 
15 0.559375 0.7609375 0.0109375 0.00703125 
15 0.5375 0.7625 0.0109375 0.0078125 
