2 0.26015625 0.87890625 0.02421875 0.04921875 
2 0.61484375 0.83828125 0.025 0.028125 
2 0.28359375 0.88203125 0.06171875 0.08671875 
2 0.4078125 0.84140625 0.01953125 0.02421875 
2 0.4515625 0.846875 0.03046875 0.046875 
0 0.32421875 0.91484375 0.01875 0.159375 
2 0.39375 0.846875 0.02578125 0.025 
2 0.659375 0.8359375 0.01640625 0.02578125 
2 0.64140625 0.834375 0.01953125 0.028125 
2 0.24921875 0.86640625 0.0328125 0.040625 
2 0.40703125 0.88203125 0.04765625 0.084375 
2 0.42890625 0.853125 0.03125 0.0359375 
2 0.6734375 0.8359375 0.01953125 0.03359375 
2 0.3578125 0.88203125 0.08671875 0.09140625 
2 0.69140625 0.8375 0.02734375 0.0359375 
2 0.57734375 0.92265625 0.2734375 0.1546875 
7 0.765625 0.65625 0.0296875 0.015625 
7 0.703125 0.6609375 0.0296875 0.015625 
