2 0.41484375 0.84609375 0.0109375 0.021875 
2 0.61796875 0.834375 0.04453125 0.06171875 
3 0.825 0.82890625 0.15234375 0.2203125 
2 0.825 0.82890625 0.1515625 0.2203125 
2 0.44296875 0.84140625 0.01875 0.0390625 
2 0.74140625 0.8390625 0.01484375 0.0359375 
2 0.328125 0.859375 0.02109375 0.046875 
2 0.4015625 0.84921875 0.0140625 0.025 
2 0.4265625 0.84453125 0.01640625 0.0265625 
2 0.26875 0.8609375 0.0140625 0.03515625 
2 0.34609375 0.8609375 0.04140625 0.053125 
2 0.38046875 0.8546875 0.0265625 0.0390625 
2 0.98671875 0.84609375 0.0265625 0.09296875 
2 0.715625 0.84140625 0.04140625 0.0453125 
2 0.578125 0.92265625 0.271875 0.1546875 
6 0.76484375 0.65625 0.03046875 0.015625 
6 0.70390625 0.66171875 0.0296875 0.01875 
