2 0.4046875 0.85078125 0.01953125 0.028125 
2 0.2015625 0.87265625 0.08125 0.08203125 
2 0.36015625 0.853125 0.01015625 0.02421875 
2 0.665625 0.840625 0.0265625 0.028125 
2 0.796875 0.82734375 0.01875 0.0359375 
2 0.4453125 0.85234375 0.01953125 0.03203125 
2 0.33125 0.85859375 0.01484375 0.04296875 
2 0.3734375 0.8515625 0.01328125 0.0234375 
2 0.26875 0.8640625 0.01640625 0.04296875 
2 0.1046875 0.86953125 0.0234375 0.04453125 
2 0.7734375 0.81953125 0.03203125 0.078125 
2 0.2421875 0.86171875 0.0203125 0.03515625 
2 0.26171875 0.86015625 0.01484375 0.03359375 
2 0.39609375 0.8484375 0.01796875 0.028125 
2 0.34296875 0.859375 0.0296875 0.0453125 
2 0.90078125 0.83125 0.0328125 0.10703125 
3 0.0453125 0.84609375 0.090625 0.16640625 
2 0.7140625 0.89375 0.0921875 0.14296875 
2 0.58125 0.9234375 0.27265625 0.153125 
2 0.84453125 0.8671875 0.13125 0.15859375 
6 0.76640625 0.65546875 0.0296875 0.01796875 
6 0.70390625 0.66015625 0.03203125 0.01484375 
