2 0.44375 0.89765625 0.0234375 0.065625 
2 0.32109375 0.8703125 0.06328125 0.0703125 
7 0.7375 0.66796875 0.028125 0.01640625 
2 0.6703125 0.8625 0.06328125 0.06953125 
2 0.8375 0.8390625 0.03515625 0.0390625 
2 0.671875 0.9046875 0.0484375 0.0890625 
2 0.40390625 0.909375 0.09375 0.13046875 
2 0.8859375 0.9046875 0.225 0.190625 
2 0.27421875 0.9140625 0.19921875 0.1703125 
2 0.75234375 0.90625 0.153125 0.18359375 
2 0.56015625 0.92109375 0.25078125 0.15703125 
7 0.640625 0.6765625 0.03359375 0.01875 
