2 0.69140625 0.85234375 0.0171875 0.0234375 
2 0.7078125 0.88828125 0.08359375 0.1 
2 0.6296875 0.86171875 0.0234375 0.03828125 
2 0.159375 0.8390625 0.01796875 0.0296875 
2 0.98984375 0.86484375 0.01875 0.06640625 
2 0.990625 0.91171875 0.01875 0.14921875 
2 0.65078125 0.8984375 0.0703125 0.10546875 
2 0.57890625 0.8671875 0.02109375 0.053125 
2 0.6 0.87421875 0.03984375 0.065625 
2 0.175 0.8421875 0.03515625 0.0359375 
2 0.278125 0.8765625 0.05859375 0.08984375 
2 0.86484375 0.89921875 0.2703125 0.20078125 
