5 0.24453125 0.846875 0.03359375 0.04296875 
0 0.4125 0.878125 0.0140625 0.08125 
7 0.7375 0.66796875 0.028125 0.01875 
2 0.671875 0.87421875 0.0640625 0.0890625 
2 0.38203125 0.9359375 0.04140625 0.125 
2 0.6734375 0.9015625 0.05078125 0.09453125 
2 0.8375 0.83984375 0.03515625 0.0390625 
2 0.8859375 0.9046875 0.225 0.190625 
2 0.75234375 0.90703125 0.15390625 0.18203125 
2 0.30546875 0.92734375 0.18515625 0.1453125 
2 0.559375 0.92109375 0.25078125 0.15703125 
7 0.640625 0.6765625 0.0296875 0.01796875 
