2 0.325 0.84921875 0.0421875 0.0265625 
2 0.20234375 0.8484375 0.02265625 0.03203125 
2 0.0109375 0.8296875 0.0203125 0.02578125 
2 0.184375 0.84921875 0.05390625 0.05 
2 0.70390625 0.878125 0.02109375 0.0484375 
2 0.91484375 0.91796875 0.1703125 0.1640625 
2 0.63828125 0.84765625 0.02890625 0.04140625 
2 0.68125 0.871875 0.02890625 0.0703125 
2 0.3265625 0.928125 0.21328125 0.14296875 
2 0.75703125 0.91953125 0.16484375 0.159375 
2 0.22734375 0.88671875 0.06640625 0.0890625 
2 0.08984375 0.903125 0.11953125 0.14296875 
2 0.6546875 0.89140625 0.0625 0.10390625 
2 0.534375 0.91171875 0.25859375 0.17578125 
11 0.8421875 0.61796875 0.03828125 0.02265625 
11 0.73671875 0.625 0.04140625 0.01953125 
