2 0.3703125 0.88125 0.0265625 0.0515625 
2 0.79140625 0.83671875 0.08046875 0.0453125 
2 0.44609375 0.90078125 0.01875 0.0609375 
6 0.73828125 0.6671875 0.02890625 0.01796875 
2 0.75 0.84140625 0.03671875 0.04453125 
2 0.70546875 0.86640625 0.04609375 0.05 
2 0.11484375 0.94140625 0.22890625 0.11640625 
2 0.403125 0.91015625 0.08984375 0.128125 
2 0.97734375 0.91796875 0.0453125 0.1640625 
2 0.6609375 0.89453125 0.05703125 0.103125 
2 0.81015625 0.921875 0.2015625 0.15625 
2 0.27578125 0.9140625 0.19609375 0.1703125 
2 0.56015625 0.9203125 0.24765625 0.159375 
6 0.64140625 0.67734375 0.0328125 0.0171875 
