2 0.384375 0.8515625 0.01484375 0.028125 
2 0.25078125 0.859375 0.01171875 0.0296875 
2 0.32734375 0.859375 0.0203125 0.0296875 
2 0.17578125 0.859375 0.00703125 0.0359375 
2 0.27421875 0.8484375 0.02421875 0.05859375 
2 0.34609375 0.85390625 0.01484375 0.021875 
2 0.9859375 0.81796875 0.01796875 0.03984375 
2 0.57578125 0.8421875 0.01640625 0.03046875 
2 0.5828125 0.84375 0.01875 0.03125 
2 0.60078125 0.84140625 0.021875 0.03046875 
2 0.20703125 0.8640625 0.0296875 0.04296875 
2 0.61953125 0.84140625 0.03203125 0.034375 
2 0.30703125 0.865625 0.03203125 0.04453125 
2 0.23671875 0.86328125 0.02421875 0.034375 
5 0.0953125 0.84296875 0.15703125 0.18046875 
2 0.425 0.85390625 0.03125 0.03671875 
2 0.678125 0.8390625 0.0171875 0.02890625 
2 0.36640625 0.859375 0.028125 0.03359375 
2 0.4015625 0.8515625 0.0203125 0.03359375 
2 0.65390625 0.8734375 0.06328125 0.090625 
2 0.90078125 0.853125 0.034375 0.08984375 
2 0.840625 0.875 0.121875 0.14453125 
2 0.58046875 0.92421875 0.271875 0.1515625 
