2 0.4875 0.80625 0.04609375 0.08359375 
2 0.0453125 0.8203125 0.01875 0.04453125 
0 0.88671875 0.75703125 0.0078125 0.04453125 
2 0.97578125 0.75546875 0.040625 0.0703125 
2 0.94921875 0.753125 0.0234375 0.04296875 
5 0.5140625 0.80390625 0.1 0.096875 
2 0.00546875 0.825 0.0109375 0.034375 
2 0.0765625 0.821875 0.02265625 0.02578125 
2 0.028125 0.82109375 0.03984375 0.05078125 
2 0.75390625 0.7890625 0.040625 0.05078125 
2 0.7796875 0.7859375 0.05625 0.05546875 
2 0.81875 0.7765625 0.034375 0.0453125 
2 0.23515625 0.8421875 0.09921875 0.075 
7 0.67109375 0.18984375 0.09609375 0.06796875 
17 0.15390625 0.67109375 0.03046875 0.11015625 
7 0.6375 0.6765625 0.01640625 0.0125 
