7 0.73671875 0.66796875 0.028125 0.01640625 
2 0.66953125 0.865625 0.06484375 0.0734375 
2 0.47734375 0.85859375 0.021875 0.0296875 
2 0.4890625 0.85625 0.0421875 0.0390625 
2 0.67109375 0.903125 0.05078125 0.09296875 
2 0.8375 0.8390625 0.0375 0.0390625 
2 0.44765625 0.85625 0.03203125 0.0359375 
2 0.35234375 0.86484375 0.03828125 0.0484375 
2 0.40390625 0.9109375 0.09296875 0.1265625 
2 0.8859375 0.9046875 0.225 0.190625 
2 0.275 0.91328125 0.20078125 0.1703125 
2 0.753125 0.90703125 0.15390625 0.18203125 
2 0.559375 0.92109375 0.2515625 0.15703125 
