5 0.53046875 0.88046875 0.11875 0.2140625 
5 0.21171875 0.8765625 0.04453125 0.06015625 
15 0.84296875 0.39140625 0.05625 0.04296875 
2 0.21015625 0.87734375 0.04765625 0.05859375 
2 0.353125 0.86640625 0.021875 0.025 
3 0.09453125 0.85546875 0.04609375 0.08359375 
15 0.67109375 0.396875 0.06171875 0.04453125 
2 0.2625 0.8765625 0.028125 0.03203125 
2 0.29140625 0.8734375 0.025 0.03515625 
2 0.31796875 0.86953125 0.0234375 0.03203125 
2 0.59609375 0.853125 0.0125 0.03515625 
2 0.7140625 0.85859375 0.04453125 0.05625 
16 0.83515625 0.73203125 0.015625 0.07421875 
