2 0.16875 0.8765625 0.028125 0.04609375 
2 0.3828125 0.8578125 0.01640625 0.0234375 
2 0.13984375 0.87578125 0.05625 0.0484375 
2 0.28984375 0.86640625 0.0265625 0.02890625 
2 0.3984375 0.85703125 0.01796875 0.03203125 
2 0.409375 0.8578125 0.02890625 0.0359375 
2 0.59453125 0.8421875 0.0140625 0.025 
2 0.32578125 0.865625 0.02109375 0.03046875 
2 0.63671875 0.84609375 0.01796875 0.02890625 
2 0.3609375 0.8625 0.0203125 0.03203125 
2 0.57890625 0.853125 0.02421875 0.03515625 
2 0.67265625 0.84453125 0.01875 0.028125 
2 0.6515625 0.85859375 0.03828125 0.0484375 
2 0.4375 0.85859375 0.02265625 0.03125 
2 0.540625 0.92109375 0.10234375 0.14921875 
7 0.70859375 0.7046875 0.0234375 0.0125 
7 0.6609375 0.7078125 0.0234375 0.0125 
