2 0.36953125 0.86171875 0.03046875 0.03984375 
2 0.25 0.86875 0.03359375 0.04140625 
2 0.38984375 0.85625 0.02421875 0.0390625 
2 0.0109375 0.875 0.021875 0.09375 
2 0.40234375 0.85390625 0.01640625 0.03671875 
2 0.484375 0.8609375 0.05859375 0.06171875 
2 0.4484375 0.8453125 0.0265625 0.04609375 
2 0.0375 0.88203125 0.07421875 0.0984375 
2 0.340625 0.86640625 0.0328125 0.0484375 
2 0.53359375 0.84453125 0.0640625 0.0484375 
2 0.2578125 0.8828125 0.02578125 0.03984375 
2 0.0625 0.88828125 0.06015625 0.08359375 
2 0.71953125 0.87890625 0.11875 0.1015625 
2 0.29296875 0.87578125 0.0828125 0.071875 
2 0.42890625 0.85625 0.0328125 0.03984375 
2 0.9140625 0.81953125 0.06953125 0.07578125 
2 0.58125 0.92421875 0.278125 0.15078125 
7 0.7640625 0.6578125 0.0296875 0.0125 
7 0.703125 0.6625 0.02890625 0.01484375 
