2 0.47734375 0.88359375 0.028125 0.0609375 
7 0.7375 0.66796875 0.028125 0.01640625 
2 0.32109375 0.86953125 0.06328125 0.06875 
2 0.44609375 0.9015625 0.01875 0.06328125 
2 0.8375 0.8390625 0.0375 0.0390625 
2 0.6703125 0.89453125 0.05625 0.109375 
2 0.3703125 0.8609375 0.03671875 0.046875 
2 0.403125 0.91015625 0.0890625 0.128125 
2 0.8859375 0.9046875 0.228125 0.190625 
2 0.27421875 0.9140625 0.19921875 0.1703125 
2 0.75234375 0.90703125 0.15390625 0.18203125 
2 0.56015625 0.921875 0.25078125 0.15625 
7 0.63984375 0.67578125 0.034375 0.01875 
