2 0.121875 0.87109375 0.03203125 0.0453125 
2 0.25546875 0.86484375 0.021875 0.0390625 
0 0.00859375 0.86171875 0.009375 0.05390625 
2 0.14375 0.875 0.04140625 0.05703125 
0 0.0484375 0.85625 0.0078125 0.06484375 
2 0.26328125 0.86796875 0.021875 0.04453125 
2 0.40625 0.84921875 0.0109375 0.03515625 
2 0.22421875 0.8671875 0.0328125 0.04140625 
2 0.42734375 0.84609375 0.0203125 0.0234375 
2 0.63828125 0.8484375 0.0421875 0.04453125 
2 0.3890625 0.8546875 0.03671875 0.04296875 
2 0.68671875 0.88203125 0.0734375 0.1015625 
2 0.5796875 0.9203125 0.271875 0.159375 
6 0.76640625 0.65625 0.0296875 0.01796875 
6 0.70390625 0.6625 0.028125 0.01640625 
