2 0.1796875 0.8828125 0.03359375 0.03984375 
2 0.41953125 0.88125 0.03359375 0.046875 
2 0.5015625 0.86796875 0.0203125 0.03203125 
2 0.01953125 0.903125 0.0390625 0.190625 
2 0.3875 0.88203125 0.02421875 0.03203125 
2 0.3203125 0.89140625 0.02265625 0.06875 
2 0.53515625 0.86875 0.021875 0.03203125 
2 0.1609375 0.88203125 0.0625 0.04609375 
2 0.5671875 0.865625 0.02578125 0.0359375 
2 0.59765625 0.86328125 0.02265625 0.03203125 
2 0.65078125 0.86171875 0.03125 0.04296875 
2 0.3484375 0.8890625 0.034375 0.04140625 
2 0.29609375 0.8984375 0.06015625 0.08359375 
2 0.6859375 0.8671875 0.03515625 0.053125 
2 0.2109375 0.91640625 0.08203125 0.0953125 
2 0.10703125 0.934375 0.13828125 0.128125 
