2 0.18671875 0.86796875 0.034375 0.0390625 
2 0.35390625 0.85625 0.0125 0.03359375 
2 0.1265625 0.86640625 0.0703125 0.078125 
2 0.4109375 0.84921875 0.01796875 0.03828125 
2 0.36953125 0.86015625 0.02734375 0.0390625 
2 0.4515625 0.846875 0.03046875 0.046875 
2 0.30390625 0.86640625 0.02578125 0.03984375 
0 0.02734375 0.85703125 0.00859375 0.06953125 
2 0.3375 0.86171875 0.028125 0.03984375 
2 0.3890625 0.85625 0.02578125 0.0390625 
2 0.8328125 0.82265625 0.025 0.046875 
2 0.1578125 0.86171875 0.0203125 0.06484375 
2 0.8984375 0.821875 0.04453125 0.04453125 
2 0.428125 0.85625 0.03359375 0.03984375 
2 0.9734375 0.825 0.053125 0.0984375 
2 0.80546875 0.828125 0.04296875 0.053125 
2 0.93359375 0.815625 0.03125 0.04453125 
2 0.08203125 0.86796875 0.04296875 0.0734375 
2 0.5796875 0.91796875 0.271875 0.1640625 
7 0.70390625 0.66328125 0.028125 0.015625 
7 0.76484375 0.6578125 0.0296875 0.015625 
17 0.8734375 0.7453125 0.009375 0.03828125 
