2 0.38984375 0.85390625 0.01640625 0.0234375 
2 0.91484375 0.815625 0.0125 0.03203125 
2 0.04140625 0.86484375 0.03203125 0.03671875 
2 0.99296875 0.80703125 0.0125 0.034375 
2 0.32109375 0.8609375 0.02734375 0.03046875 
2 0.353125 0.86015625 0.0171875 0.028125 
2 0.97578125 0.81015625 0.0390625 0.0390625 
2 0.96328125 0.8109375 0.021875 0.0390625 
2 0.3765625 0.85703125 0.01953125 0.02578125 
2 0.953125 0.8109375 0.02109375 0.0359375 
2 0.27109375 0.871875 0.01953125 0.03125 
2 0.06171875 0.86640625 0.04765625 0.03828125 
2 0.565625 0.84375 0.01640625 0.02890625 
3 0.95625 0.79375 0.08359375 0.0734375 
2 0.24609375 0.87109375 0.03828125 0.03984375 
2 0.60625 0.8484375 0.0234375 0.03203125 
2 0.68671875 0.8421875 0.03359375 0.03203125 
2 0.58203125 0.8609375 0.034375 0.05 
2 0.646875 0.8453125 0.02734375 0.03515625 
2 0.5296875 0.90546875 0.0875 0.12578125 
2 0.73125 0.88046875 0.07890625 0.08984375 
