2 0.11484375 0.8734375 0.034375 0.05390625 
0 0.32265625 0.91640625 0.021875 0.159375 
2 0.99375 0.84921875 0.0125 0.14296875 
2 0.3 0.86796875 0.0390625 0.04609375 
2 0.25 0.865625 0.0359375 0.03828125 
2 0.7984375 0.87890625 0.05546875 0.08203125 
2 0.98984375 0.803125 0.0203125 0.05390625 
2 0.3359375 0.8640625 0.028125 0.04453125 
2 0.0296875 0.90546875 0.0578125 0.08046875 
2 0.84921875 0.83203125 0.0390625 0.05390625 
2 0.73203125 0.878125 0.1 0.10703125 
2 0.40390625 0.86640625 0.10625 0.08046875 
2 0.903125 0.84140625 0.10390625 0.10546875 
2 0.5828125 0.9171875 0.275 0.165625 
