2 0.3640625 0.85859375 0.01328125 0.034375 
2 0.2984375 0.8640625 0.0296875 0.04140625 
2 0.40390625 0.85390625 0.01875 0.03671875 
2 0.62578125 0.83046875 0.01640625 0.02421875 
2 0.44921875 0.846875 0.028125 0.04609375 
2 0.24375 0.8671875 0.03984375 0.03984375 
2 0.35078125 0.8578125 0.02421875 0.04375 
2 0.6515625 0.834375 0.01953125 0.0265625 
2 0.384375 0.85703125 0.03359375 0.03984375 
2 0.3328125 0.86328125 0.02734375 0.04140625 
2 0.42421875 0.85703125 0.03203125 0.04375 
2 0.57890625 0.92109375 0.27265625 0.15703125 
