2 0.925 0.84921875 0.046875 0.05 
2 0.38515625 0.86953125 0.06328125 0.090625 
2 0.34765625 0.8578125 0.02109375 0.0453125 
2 0.44453125 0.86953125 0.0234375 0.04609375 
2 0.32734375 0.909375 0.0515625 0.175 
2 0.75546875 0.87109375 0.0453125 0.06015625 
2 0.646875 0.8734375 0.04453125 0.08203125 
2 0.41796875 0.9046875 0.0703125 0.11640625 
2 0.7015625 0.92109375 0.0921875 0.146875 
2 0.8421875 0.91953125 0.21015625 0.15625 
2 0.18203125 0.88984375 0.07578125 0.11640625 
2 0.95859375 0.909375 0.0828125 0.17890625 
2 0.03984375 0.89921875 0.078125 0.10546875 
2 0.25859375 0.909375 0.184375 0.18125 
2 0.5484375 0.91171875 0.25546875 0.17578125 
11 0.8328125 0.63671875 0.0328125 0.01953125 
11 0.73515625 0.64453125 0.0359375 0.01875 
