2 0.31953125 0.86875 0.06015625 0.06640625 
7 0.73671875 0.66796875 0.028125 0.01640625 
2 0.66953125 0.8640625 0.06484375 0.0703125 
2 0.4453125 0.9015625 0.01953125 0.06171875 
2 0.671875 0.9015625 0.05 0.09296875 
2 0.8375 0.8390625 0.03515625 0.03984375 
2 0.36015625 0.8609375 0.03984375 0.03671875 
2 0.403125 0.909375 0.08984375 0.12890625 
2 0.88671875 0.9046875 0.22578125 0.190625 
2 0.275 0.9140625 0.20078125 0.1703125 
2 0.75234375 0.90703125 0.15390625 0.18203125 
2 0.56015625 0.91953125 0.25078125 0.1609375 
7 0.640625 0.6765625 0.0328125 0.01875 
