1 0.4390625 0.86953125 0.04453125 0.13203125 
2 0.8828125 0.86953125 0.01953125 0.0390625 
5 0.58515625 0.81875 0.03125 0.0484375 
2 0.6796875 0.9125 0.06875 0.1265625 
2 0.18125 0.846875 0.02109375 0.03359375 
2 0.9546875 0.93671875 0.090625 0.1265625 
2 0.5859375 0.81875 0.03203125 0.05 
2 0.6390625 0.890625 0.0421875 0.09140625 
2 0.940625 0.8984375 0.11640625 0.13203125 
2 0.8484375 0.884375 0.07421875 0.1 
2 0.7671875 0.925 0.19453125 0.1484375 
2 0.11015625 0.896875 0.11171875 0.11015625 
