2 0.4875 0.8609375 0.04296875 0.059375 
2 0.66484375 0.85859375 0.05 0.06875 
2 0.54609375 0.84453125 0.01328125 0.02890625 
2 0.43203125 0.86484375 0.0203125 0.03359375 
2 0.61484375 0.84140625 0.01796875 0.0453125 
2 0.7078125 0.84453125 0.03203125 0.06328125 
2 0.3921875 0.91171875 0.11171875 0.128125 
2 0.59765625 0.85390625 0.04375 0.06640625 
2 0.8578125 0.83203125 0.04453125 0.0609375 
2 0.77890625 0.83984375 0.03828125 0.05390625 
2 0.7375 0.84921875 0.0515625 0.071875 
2 0.23203125 0.909375 0.11015625 0.11796875 
7 0.75546875 0.709375 0.01796875 0.01015625 
7 0.7046875 0.71484375 0.01953125 0.0140625 
