2 0.20625 0.83828125 0.02734375 0.028125 
2 0.65 0.89140625 0.04140625 0.109375 
2 0.19765625 0.83828125 0.021875 0.03046875 
2 0.3921875 0.8484375 0.03828125 0.021875 
2 0.79921875 0.8609375 0.03984375 0.04453125 
2 0.57265625 0.85625 0.02109375 0.046875 
2 0.621875 0.878125 0.0453125 0.08359375 
2 0.32265625 0.8484375 0.0203125 0.02890625 
2 0.58828125 0.8640625 0.028125 0.0546875 
2 0.87578125 0.91484375 0.24765625 0.16640625 
2 0.34375 0.86015625 0.0328125 0.05703125 
2 0.7171875 0.903125 0.13671875 0.18359375 
