1 0.4390625 0.86953125 0.04453125 0.13125 
2 0.91484375 0.853125 0.040625 0.0546875 
2 0.9015625 0.84453125 0.028125 0.03984375 
2 0.67734375 0.9140625 0.0625 0.12421875 
2 0.88359375 0.875 0.021875 0.04609375 
2 0.0953125 0.8453125 0.0140625 0.03359375 
2 0.8171875 0.85234375 0.028125 0.03203125 
2 0.17109375 0.84765625 0.01796875 0.03203125 
5 0.58515625 0.81796875 0.03125 0.046875 
2 0.95390625 0.93671875 0.090625 0.12578125 
2 0.18046875 0.84609375 0.01953125 0.03359375 
2 0.5859375 0.81875 0.03203125 0.0484375 
2 0.63984375 0.89140625 0.0421875 0.09140625 
2 0.85 0.884375 0.071875 0.1 
2 0.940625 0.89765625 0.11640625 0.1359375 
2 0.24453125 0.865625 0.04296875 0.065625 
2 0.76796875 0.925 0.19375 0.1484375 
