2 0.2984375 0.8671875 0.040625 0.04921875 
2 0.2015625 0.86328125 0.02265625 0.046875 
2 0.40234375 0.853125 0.01796875 0.0390625 
3 0.834375 0.81171875 0.1296875 0.10625 
2 0.25 0.865625 0.03671875 0.03828125 
2 0.83515625 0.8109375 0.13125 0.10703125 
2 0.471875 0.86484375 0.0875 0.078125 
2 0.359375 0.85859375 0.02109375 0.03671875 
2 0.165625 0.871875 0.07578125 0.06875 
2 0.38515625 0.85703125 0.03359375 0.03984375 
2 0.33671875 0.8625 0.03203125 0.04140625 
2 0.01484375 0.89140625 0.0296875 0.08984375 
2 0.9359375 0.8234375 0.08671875 0.0609375 
2 0.57890625 0.9203125 0.2671875 0.159375 
7 0.76484375 0.6578125 0.02734375 0.01484375 
7 0.70390625 0.66171875 0.028125 0.01796875 
17 0.8734375 0.74296875 0.01015625 0.03671875 
