0 0.04453125 0.8703125 0.00703125 0.0609375 
2 0.44296875 0.8609375 0.01875 0.040625 
0 0.0515625 0.871875 0.00859375 0.05859375 
0 0.3140625 0.92421875 0.02109375 0.146875 
0 0.00390625 0.86640625 0.00703125 0.05859375 
2 0.428125 0.8625 0.025 0.034375 
2 0.58828125 0.853125 0.028125 0.03203125 
2 0.646875 0.85078125 0.0265625 0.04296875 
2 0.33359375 0.86328125 0.0140625 0.0234375 
2 0.3671875 0.86640625 0.0140625 0.0296875 
2 0.61875 0.853125 0.04140625 0.04296875 
2 0.70390625 0.85 0.009375 0.0296875 
2 0.23984375 0.8765625 0.0328125 0.03515625 
2 0.40390625 0.86640625 0.01953125 0.03359375 
2 0.3828125 0.8703125 0.03046875 0.040625 
3 0.1703125 0.85625 0.09296875 0.084375 
2 0.67890625 0.85703125 0.0484375 0.06171875 
2 0.940625 0.91015625 0.11875 0.1765625 
2 0.74453125 0.84609375 0.03125 0.0453125 
2 0.57421875 0.9296875 0.240625 0.140625 
2 0.81875 0.88359375 0.11484375 0.12890625 
11 0.76640625 0.66640625 0.0296875 0.01640625 
11 0.70546875 0.671875 0.0296875 0.015625 
