2 0.7046875 0.79453125 0.0421875 0.05390625 
2 0.3953125 0.8234375 0.02265625 0.04140625 
2 0.890625 0.765625 0.02890625 0.0390625 
2 0.9921875 0.74609375 0.01328125 0.046875 
2 0.04375 0.83671875 0.0875 0.0890625 
2 0.73515625 0.796875 0.0625 0.05 
2 0.6890625 0.79453125 0.03828125 0.05 
3 0.04375 0.83671875 0.0859375 0.0890625 
2 0.9125 0.76328125 0.046875 0.04140625 
2 0.4921875 0.82109375 0.06796875 0.05390625 
2 0.35390625 0.834375 0.09140625 0.07109375 
7 0.67578125 0.1890625 0.0875 0.0640625 
7 0.6375 0.67734375 0.0140625 0.0125 
