2 0.23671875 0.8640625 0.0359375 0.04296875 
2 0.8796875 0.86875 0.02578125 0.0484375 
5 0.58515625 0.81875 0.03125 0.046875 
2 0.58515625 0.81875 0.03125 0.0484375 
2 0.68046875 0.9140625 0.06875 0.12421875 
2 0.31171875 0.88203125 0.0125 0.06796875 
2 0.6390625 0.890625 0.0421875 0.09140625 
2 0.93984375 0.903125 0.115625 0.13671875 
2 0.1828125 0.87421875 0.06328125 0.07421875 
2 0.84765625 0.884375 0.0765625 0.1015625 
2 0.1 0.92421875 0.19921875 0.15078125 
2 0.76875 0.92578125 0.19375 0.146875 
