2 0.3453125 0.86171875 0.01796875 0.03046875 
7 0.7375 0.66796875 0.02734375 0.01640625 
2 0.4453125 0.90078125 0.01953125 0.0609375 
2 0.32109375 0.86796875 0.06171875 0.06796875 
2 0.3703125 0.88203125 0.02578125 0.053125 
2 0.66953125 0.86328125 0.06484375 0.0703125 
2 0.47734375 0.859375 0.03203125 0.028125 
2 0.83828125 0.83984375 0.0375 0.0390625 
2 0.671875 0.90390625 0.04765625 0.08984375 
2 0.40390625 0.91015625 0.0875 0.128125 
2 0.88671875 0.90546875 0.22578125 0.1890625 
2 0.27421875 0.9140625 0.2 0.1703125 
2 0.753125 0.90703125 0.15390625 0.18203125 
2 0.55859375 0.9203125 0.2515625 0.159375 
