2 0.41171875 0.84375 0.0484375 0.08203125 
3 0.41171875 0.84140625 0.04921875 0.08359375 
2 0.45078125 0.86015625 0.02109375 0.04296875 
2 0.21640625 0.8625 0.02109375 0.034375 
2 0.32890625 0.85390625 0.0203125 0.0234375 
2 0.34375 0.87421875 0.02890625 0.059375 
2 0.23828125 0.85859375 0.02109375 0.034375 
2 0.47265625 0.86796875 0.04453125 0.05703125 
2 0.5859375 0.86875 0.0484375 0.059375 
2 0.29375 0.87109375 0.07265625 0.08203125 
2 0.53203125 0.896875 0.078125 0.121875 
2 0.07421875 0.8875 0.1484375 0.153125 
2 0.38203125 0.90859375 0.10078125 0.12421875 
7 0.40078125 0.75390625 0.0203125 0.01171875 
7 0.48828125 0.778125 0.0125 0.00625 
