2 0.66953125 0.8640625 0.06484375 0.0703125 
7 0.7375 0.66796875 0.028125 0.01640625 
2 0.3203125 0.86796875 0.0578125 0.065625 
2 0.44609375 0.9015625 0.01875 0.06171875 
2 0.34140625 0.86171875 0.02578125 0.04609375 
2 0.671875 0.9015625 0.05 0.09453125 
2 0.83671875 0.8390625 0.034375 0.0390625 
2 0.36953125 0.86640625 0.03046875 0.0359375 
2 0.1140625 0.940625 0.228125 0.11875 
2 0.8859375 0.896875 0.22734375 0.20546875 
2 0.4046875 0.909375 0.0890625 0.12890625 
2 0.27578125 0.9140625 0.19765625 0.171875 
2 0.75234375 0.90703125 0.15390625 0.18203125 
2 0.559375 0.92109375 0.2515625 0.15703125 
