2 0.7890625 0.85546875 0.01328125 0.02578125 
2 0.97890625 0.825 0.0171875 0.021875 
2 0.859375 0.85859375 0.02109375 0.04609375 
2 0.99296875 0.82109375 0.0125 0.0234375 
2 0.25 0.93125 0.025 0.03671875 
2 0.73828125 0.86875 0.02265625 0.0359375 
2 0.659375 0.89296875 0.04609375 0.05546875 
2 0.79921875 0.871875 0.02421875 0.05078125 
2 0.703125 0.8890625 0.04609375 0.06015625 
2 0.83203125 0.86953125 0.0515625 0.06953125 
2 0.4828125 0.90546875 0.03828125 0.0515625 
2 0.61953125 0.8921875 0.04140625 0.053125 
2 0.290625 0.9234375 0.07890625 0.05546875 
2 0.58515625 0.89453125 0.03828125 0.04140625 
2 0.5046875 0.9046875 0.04296875 0.05546875 
2 0.7625 0.88046875 0.05390625 0.0640625 
2 0.11484375 0.946875 0.16328125 0.1015625 
