4 0.04765625 0.90546875 0.02265625 0.10625 
2 0.234375 0.871875 0.0234375 0.05078125 
2 0.70390625 0.8515625 0.0328125 0.0546875 
0 0.321875 0.9203125 0.02421875 0.15546875 
2 0.4203125 0.8546875 0.01796875 0.03515625 
2 0.40234375 0.85390625 0.0171875 0.03671875 
0 0.0484375 0.884375 0.02265625 0.13828125 
2 0.2546875 0.865625 0.02734375 0.0390625 
2 0.359375 0.859375 0.02109375 0.03671875 
2 0.3390625 0.8671875 0.0296875 0.05078125 
2 0.29375 0.8734375 0.078125 0.065625 
2 0.38515625 0.85625 0.03203125 0.0390625 
2 0.19140625 0.875 0.09921875 0.07421875 
2 0.67421875 0.8546875 0.07109375 0.0609375 
2 0.96875 0.81875 0.0625 0.06640625 
2 0.45859375 0.88046875 0.08203125 0.09609375 
2 0.58203125 0.92578125 0.27109375 0.1484375 
