0 0.04765625 0.8609375 0.00703125 0.05546875 
2 0.11640625 0.878125 0.03515625 0.040625 
2 0.36875 0.853125 0.0125 0.025 
0 0.01484375 0.8640625 0.00859375 0.05390625 
2 0.428125 0.84453125 0.0109375 0.0203125 
2 0.35390625 0.853125 0.01875 0.025 
2 0.2359375 0.86171875 0.03359375 0.0390625 
5 0.95703125 0.83046875 0.0859375 0.33515625 
2 0.95703125 0.83203125 0.0859375 0.33203125 
2 0.41484375 0.84765625 0.01796875 0.03046875 
2 0.38671875 0.8546875 0.0375 0.04296875 
2 0.80390625 0.84921875 0.0703125 0.07578125 
2 0.8484375 0.834375 0.04453125 0.05859375 
2 0.6921875 0.86640625 0.103125 0.184375 
2 0.5796875 0.9203125 0.26953125 0.159375 
