2 0.44609375 0.90078125 0.01875 0.0609375 
6 0.73828125 0.6671875 0.028125 0.01796875 
2 0.61875 0.85 0.0390625 0.02578125 
2 0.75078125 0.84765625 0.02890625 0.0546875 
2 0.66328125 0.86171875 0.02578125 0.03984375 
2 0.7359375 0.85859375 0.0484375 0.06953125 
2 0.8953125 0.92578125 0.209375 0.1484375 
2 0.87890625 0.878125 0.1578125 0.17421875 
2 0.40390625 0.9109375 0.08984375 0.1265625 
2 0.115625 0.94140625 0.2296875 0.11640625 
2 0.7015625 0.9109375 0.08984375 0.14296875 
2 0.27578125 0.9140625 0.196875 0.171875 
2 0.55859375 0.9203125 0.24453125 0.159375 
6 0.63984375 0.67734375 0.03046875 0.01875 
