2 0.9109375 0.75859375 0.03203125 0.03203125 
2 0.978125 0.7703125 0.03984375 0.06640625 
2 0.0078125 0.825 0.01484375 0.03125 
2 0.9234375 0.759375 0.02421875 0.03359375 
2 0.88125 0.77421875 0.03359375 0.05546875 
2 0.99296875 0.77578125 0.0140625 0.06953125 
2 0.4609375 0.828125 0.04296875 0.0703125 
2 0.84375 0.80859375 0.04375 0.07890625 
2 0.5125 0.834375 0.11640625 0.090625 
2 0.90234375 0.82265625 0.090625 0.10859375 
7 0.6734375 0.19140625 0.0859375 0.06015625 
7 0.63671875 0.67734375 0.01328125 0.01640625 
