2 0.69453125 0.88046875 0.0359375 0.059375 
2 0.4453125 0.90078125 0.01953125 0.06171875 
2 0.3703125 0.88203125 0.02734375 0.05078125 
6 0.73828125 0.6671875 0.028125 0.01796875 
2 0.690625 0.8640625 0.03515625 0.05390625 
2 0.1140625 0.940625 0.228125 0.11875 
2 0.4046875 0.91015625 0.0890625 0.128125 
2 0.646875 0.884375 0.0578125 0.10546875 
2 0.27578125 0.9140625 0.19609375 0.171875 
2 0.9453125 0.89140625 0.109375 0.21484375 
2 0.75 0.91875 0.140625 0.1609375 
2 0.55859375 0.9203125 0.2421875 0.159375 
6 0.640625 0.6765625 0.03359375 0.01640625 
