0 0.3234375 0.921875 0.0203125 0.15546875 
2 0.2078125 0.86953125 0.0359375 0.0390625 
2 0.92734375 0.82109375 0.0234375 0.03515625 
2 0.246875 0.865625 0.02890625 0.03515625 
2 0.03984375 0.87109375 0.01640625 0.0390625 
2 0.4078125 0.846875 0.01796875 0.03515625 
2 0.4515625 0.846875 0.03125 0.046875 
2 0.30390625 0.86640625 0.02578125 0.03984375 
2 0.359375 0.85859375 0.02109375 0.03671875 
2 0.70546875 0.834375 0.01953125 0.034375 
2 0.38515625 0.85703125 0.0328125 0.0390625 
2 0.33671875 0.8625 0.03125 0.03984375 
2 0.71796875 0.83515625 0.0296875 0.03671875 
2 0.428125 0.85546875 0.03203125 0.040625 
2 0.071875 0.86953125 0.0515625 0.04296875 
2 0.6859375 0.8328125 0.0265625 0.03984375 
2 0.5796875 0.91953125 0.2734375 0.1609375 
