1 0.4390625 0.86953125 0.0453125 0.13125 
2 0.88515625 0.86796875 0.0234375 0.03828125 
2 0.65625 0.8578125 0.01796875 0.03046875 
2 0.08359375 0.83359375 0.01953125 0.03046875 
2 0.953125 0.94140625 0.0875 0.11640625 
5 0.58515625 0.81796875 0.03125 0.046875 
2 0.20078125 0.846875 0.03359375 0.03359375 
2 0.5859375 0.81875 0.03203125 0.0484375 
2 0.68046875 0.9125 0.06875 0.1265625 
2 0.21171875 0.84765625 0.0265625 0.03046875 
2 0.915625 0.8609375 0.040625 0.04609375 
2 0.6390625 0.89140625 0.04140625 0.090625 
2 0.9421875 0.9015625 0.11328125 0.12890625 
2 0.846875 0.88359375 0.08359375 0.10390625 
2 0.7671875 0.92578125 0.19453125 0.1484375 
