0 0.04765625 0.8609375 0.0078125 0.059375 
2 0.2390625 0.8640625 0.0171875 0.03046875 
2 0.4390625 0.846875 0.01796875 0.021875 
2 0.18515625 0.88046875 0.03671875 0.05625 
2 0.36640625 0.85625 0.0140625 0.0265625 
2 0.22109375 0.8671875 0.0359375 0.0359375 
2 0.33203125 0.859375 0.03828125 0.0515625 
2 0.2640625 0.859375 0.02421875 0.03359375 
2 0.3796875 0.85859375 0.02109375 0.03359375 
2 0.00859375 0.89375 0.0171875 0.125 
2 0.40234375 0.853125 0.03046875 0.04140625 
2 0.58046875 0.91796875 0.2734375 0.1640625 
