2 0.58125 0.8359375 0.0234375 0.03125 
2 0.615625 0.83046875 0.01640625 0.025 
2 0.3265625 0.8609375 0.01484375 0.03359375 
2 0.65390625 0.83359375 0.0125 0.028125 
2 0.03359375 0.903125 0.03828125 0.0640625 
2 0.40703125 0.85 0.01953125 0.03671875 
2 0.3609375 0.85859375 0.01796875 0.0359375 
2 0.25 0.865625 0.03515625 0.03828125 
2 0.3546875 0.85390625 0.01484375 0.0359375 
2 0.63515625 0.83203125 0.015625 0.0265625 
2 0.4515625 0.84609375 0.03046875 0.046875 
2 0.303125 0.865625 0.02421875 0.04140625 
2 0.33828125 0.8625 0.02734375 0.03984375 
2 0.384375 0.85703125 0.0328125 0.03984375 
2 0.42734375 0.85546875 0.03203125 0.040625 
2 0.6625 0.83515625 0.01953125 0.03359375 
2 0.67890625 0.8375 0.025 0.03203125 
2 0.578125 0.92265625 0.271875 0.1546875 
