2 0.6078125 0.8375 0.01796875 0.025 
2 0.47890625 0.859375 0.028125 0.04453125 
2 0.74140625 0.89140625 0.03203125 0.06640625 
2 0.29375 0.85546875 0.0125 0.025 
2 0.99140625 0.84375 0.0171875 0.07578125 
2 0.39296875 0.86171875 0.028125 0.04609375 
2 0.46328125 0.875 0.0515625 0.059375 
2 0.57578125 0.85859375 0.028125 0.040625 
2 0.4265625 0.86171875 0.03203125 0.05 
2 0.27265625 0.86484375 0.0421875 0.05546875 
5 0.53671875 0.85390625 0.05625 0.1359375 
2 0.82421875 0.86171875 0.171875 0.1390625 
2 0.35625 0.8640625 0.04609375 0.05859375 
