2 0.18515625 0.8640625 0.025 0.04609375 
2 0.31796875 0.85859375 0.01796875 0.03046875 
5 0.4234375 0.83671875 0.03046875 0.0515625 
2 0.25078125 0.85625 0.0109375 0.028125 
2 0.3546875 0.84296875 0.02421875 0.0453125 
2 0.33125 0.85390625 0.0140625 0.021875 
2 0.4234375 0.83671875 0.03046875 0.05 
2 0.23515625 0.8625 0.03359375 0.03828125 
2 0.20234375 0.86875 0.01875 0.0390625 
2 0.36875 0.85625 0.01640625 0.03359375 
2 0.16015625 0.88046875 0.08046875 0.08046875 
2 0.3890625 0.85546875 0.03671875 0.04453125 
2 0.90390625 0.91171875 0.19140625 0.175 
2 0.06640625 0.88515625 0.08203125 0.071875 
2 0.5796875 0.91875 0.26953125 0.16171875 
6 0.7625 0.6578125 0.03125 0.0109375 
6 0.70390625 0.66171875 0.03046875 0.01328125 
17 0.8734375 0.7375 0.009375 0.025 
