2 0.64375 0.85 0.01875 0.03359375 
2 0.47734375 0.88203125 0.02734375 0.0609375 
7 0.7375 0.66796875 0.028125 0.01640625 
2 0.44609375 0.9015625 0.01875 0.0609375 
2 0.67265625 0.8984375 0.053125 0.10703125 
2 0.8375 0.83984375 0.0375 0.0390625 
2 0.4046875 0.9109375 0.0890625 0.12890625 
2 0.8859375 0.9046875 0.228125 0.190625 
2 0.27421875 0.91328125 0.2 0.1703125 
2 0.75234375 0.90703125 0.15390625 0.18203125 
2 0.559375 0.921875 0.25078125 0.15546875 
7 0.640625 0.6765625 0.0328125 0.01875 
