2 0.31953125 0.85625 0.01796875 0.025 
2 0.33515625 0.85390625 0.01640625 0.025 
2 0.64453125 0.83984375 0.0140625 0.03125 
2 0.428125 0.85390625 0.0296875 0.0390625 
2 0.265625 0.86328125 0.0171875 0.03046875 
2 0.40625 0.85546875 0.01796875 0.03359375 
2 0.3828125 0.859375 0.03203125 0.040625 
2 0.6859375 0.87109375 0.04140625 0.10859375 
2 0.6609375 0.846875 0.03125 0.0453125 
2 0.05859375 0.86875 0.06328125 0.046875 
2 0.80625 0.86484375 0.075 0.121875 
2 0.5796875 0.92265625 0.26953125 0.1546875 
2 0.73203125 0.890625 0.10625 0.159375 
11 0.7640625 0.65625 0.028125 0.01640625 
11 0.7046875 0.66171875 0.03125 0.0140625 
17 0.87421875 0.7453125 0.01015625 0.04296875 
