2 0.18828125 0.8640625 0.02421875 0.03515625 
2 0.48828125 0.88515625 0.02265625 0.0515625 
2 0.3296875 0.88046875 0.03046875 0.0484375 
2 0.1046875 0.94765625 0.209375 0.1046875 
2 0.22109375 0.86796875 0.02421875 0.03125 
2 0.25625 0.86640625 0.02734375 0.0296875 
2 0.35546875 0.884375 0.04765625 0.06171875 
9 0.63984375 0.67734375 0.0328125 0.0171875 
2 0.2890625 0.87109375 0.03671875 0.03203125 
2 0.40859375 0.89921875 0.07265625 0.11328125 
2 0.5515625 0.9234375 0.19296875 0.146875 
9 0.73828125 0.6703125 0.0328125 0.01796875 
