2 0.315625 0.86875 0.01484375 0.025 
0 0.04453125 0.87421875 0.00859375 0.065625 
0 0.034375 0.8703125 0.0078125 0.06640625 
3 0.14140625 0.86015625 0.1 0.08359375 
2 0.44140625 0.8640625 0.01796875 0.040625 
2 0.29921875 0.8703125 0.02109375 0.02578125 
2 0.6359375 0.853125 0.0265625 0.04453125 
2 0.58203125 0.8515625 0.025 0.0296875 
2 0.60859375 0.85078125 0.03671875 0.0390625 
2 0.4015625 0.86875 0.01875 0.034375 
2 0.4234375 0.86640625 0.03046875 0.03671875 
2 0.328125 0.8671875 0.01796875 0.025 
2 0.3625 0.86640625 0.0140625 0.0265625 
2 0.21875 0.88046875 0.01640625 0.03203125 
2 0.2609375 0.87265625 0.02578125 0.02890625 
2 0.6890625 0.84921875 0.01171875 0.02890625 
2 0.38125 0.87265625 0.03671875 0.03984375 
2 0.728125 0.84453125 0.02890625 0.04140625 
2 0.75 0.87109375 0.0546875 0.084375 
2 0.66640625 0.8546875 0.0421875 0.05703125 
2 0.5703125 0.9296875 0.2234375 0.140625 
2 0.84140625 0.903125 0.2421875 0.19375 
11 0.77109375 0.66328125 0.0328125 0.015625 
11 0.7078125 0.6671875 0.0296875 0.01484375 
