2 0.64609375 0.84921875 0.02109375 0.0359375 
2 0.32109375 0.86953125 0.06328125 0.0703125 
7 0.7375 0.66796875 0.028125 0.01640625 
2 0.36953125 0.88125 0.02578125 0.05 
2 0.8375 0.8390625 0.03515625 0.040625 
2 0.6703125 0.890625 0.06171875 0.11796875 
2 0.459375 0.865625 0.03671875 0.0390625 
2 0.40703125 0.91015625 0.09609375 0.128125 
2 0.88671875 0.9046875 0.22578125 0.190625 
2 0.27421875 0.9140625 0.19921875 0.1703125 
2 0.753125 0.90703125 0.15390625 0.18203125 
2 0.56015625 0.92109375 0.25078125 0.15703125 
7 0.63984375 0.67578125 0.03203125 0.0171875 
