2 0.6890625 0.86875 0.03046875 0.0546875 
2 0.77421875 0.85703125 0.02578125 0.04453125 
2 0.58984375 0.87734375 0.0375 0.05859375 
2 0.3484375 0.9078125 0.02578125 0.06953125 
2 0.5171875 0.8765625 0.01875 0.034375 
2 0.4984375 0.878125 0.0375 0.046875 
2 0.453125 0.90703125 0.06484375 0.07890625 
2 0.4015625 0.89140625 0.03671875 0.04140625 
2 0.7140625 0.87578125 0.04375 0.0609375 
2 0.75078125 0.86640625 0.03828125 0.0515625 
2 0.02578125 0.94921875 0.0515625 0.0984375 
2 0.3234375 0.9125 0.07265625 0.08203125 
7 0.69453125 0.753125 0.01875 0.01015625 
7 0.73984375 0.7453125 0.01640625 0.0109375 
