2 0.47421875 0.85546875 0.009375 0.01875 
2 0.565625 0.85859375 0.0140625 0.03203125 
2 0.528125 0.85703125 0.02890625 0.06953125 
2 0.490625 0.85390625 0.0125 0.02109375 
2 0.50625 0.8578125 0.01484375 0.025 
2 0.38046875 0.86328125 0.0140625 0.02578125 
2 0.41640625 0.86015625 0.01875 0.0203125 
2 0.39609375 0.859375 0.01953125 0.03046875 
2 0.24375 0.871875 0.04921875 0.046875 
2 0.45625 0.85703125 0.01875 0.02578125 
2 0.1078125 0.87734375 0.06640625 0.06953125 
5 0.528125 0.85703125 0.02890625 0.06953125 
