0 0.0609375 0.85859375 0.00703125 0.0453125 
2 0.096875 0.878125 0.040625 0.06484375 
0 0.32265625 0.9203125 0.02109375 0.159375 
2 0.25859375 0.8765625 0.0265625 0.05 
0 0.05 0.859375 0.0078125 0.05546875 
2 0.4078125 0.8484375 0.01953125 0.03828125 
2 0.4515625 0.84609375 0.0296875 0.046875 
2 0.93515625 0.81796875 0.04375 0.03984375 
2 0.75 0.83671875 0.02734375 0.03359375 
2 0.30390625 0.8640625 0.02421875 0.04140625 
2 0.359375 0.85859375 0.02109375 0.03671875 
2 0.2140625 0.8734375 0.08125 0.07578125 
2 0.73046875 0.8390625 0.03046875 0.03515625 
2 0.38515625 0.85703125 0.03359375 0.0390625 
2 0.33671875 0.8625 0.03125 0.03984375 
2 0.428125 0.85546875 0.03359375 0.040625 
2 0.70390625 0.8359375 0.02421875 0.03125 
2 0.01875 0.86640625 0.0359375 0.0515625 
2 0.58125 0.91953125 0.27265625 0.16015625 
