2 0.0296875 0.81875 0.03203125 0.046875 
2 0.04765625 0.825 0.01953125 0.03515625 
2 0.91875 0.75703125 0.02265625 0.03984375 
2 0.8859375 0.76640625 0.03203125 0.04296875 
2 0.703125 0.80078125 0.03515625 0.04609375 
2 0.4859375 0.82421875 0.04921875 0.05859375 
2 0.5140625 0.82109375 0.06328125 0.0609375 
2 0.76015625 0.78828125 0.0328125 0.04453125 
2 0.73203125 0.79609375 0.053125 0.0484375 
2 0.43984375 0.81953125 0.06875 0.065625 
2 0.01953125 0.840625 0.03828125 0.0734375 
2 0.23671875 0.84375 0.09296875 0.0734375 
