2 0.60546875 0.83359375 0.01171875 0.01875 
0 0.04296875 0.8625 0.00859375 0.053125 
2 0.57578125 0.8359375 0.0125 0.01953125 
2 0.4078125 0.84921875 0.01875 0.03515625 
2 0.16171875 0.86875 0.040625 0.0390625 
2 0.24921875 0.865625 0.03515625 0.03828125 
0 0.03046875 0.8625 0.00859375 0.05859375 
2 0.4515625 0.84609375 0.03046875 0.046875 
2 0.30390625 0.865625 0.02421875 0.03984375 
2 0.359375 0.85859375 0.02109375 0.03671875 
2 0.84296875 0.82890625 0.0546875 0.04375 
2 0.3375 0.8625 0.03046875 0.03984375 
2 0.3859375 0.85625 0.03359375 0.0390625 
2 0.640625 0.8359375 0.02578125 0.03203125 
2 0.428125 0.85625 0.03359375 0.03984375 
2 0.58046875 0.91953125 0.2734375 0.16015625 
