2 0.51328125 0.85703125 0.01328125 0.02109375 
6 0.475 0.75546875 0.0171875 0.01484375 
3 0.21171875 0.8546875 0.090625 0.128125 
5 0.5359375 0.84296875 0.025 0.0703125 
5 0.21171875 0.85546875 0.090625 0.12578125 
2 0.46171875 0.85703125 0.0125 0.01796875 
2 0.2109375 0.85546875 0.090625 0.128125 
2 0.5359375 0.8453125 0.02421875 0.06640625 
2 0.4796875 0.8578125 0.01328125 0.02109375 
2 0.4078125 0.86640625 0.01953125 0.02578125 
2 0.13515625 0.87890625 0.05390625 0.04609375 
6 0.52265625 0.75546875 0.0140625 0.01015625 
