2 0.640625 0.8484375 0.02265625 0.02890625 
2 0.32109375 0.8703125 0.06328125 0.071875 
2 0.36953125 0.88046875 0.02734375 0.0484375 
2 0.66796875 0.86171875 0.06328125 0.071875 
7 0.7375 0.66796875 0.028125 0.01640625 
2 0.4609375 0.865625 0.0203125 0.025 
2 0.475 0.8609375 0.021875 0.0296875 
2 0.8375 0.83984375 0.03515625 0.0390625 
2 0.67109375 0.9046875 0.046875 0.0890625 
2 0.1140625 0.940625 0.228125 0.11875 
2 0.40390625 0.9109375 0.0890625 0.12578125 
2 0.8859375 0.90703125 0.228125 0.18515625 
2 0.27578125 0.9140625 0.196875 0.171875 
2 0.75234375 0.90859375 0.15234375 0.1796875 
2 0.559375 0.9203125 0.25 0.159375 
7 0.6390625 0.67734375 0.0328125 0.01953125 
