2 0.03046875 0.87578125 0.0234375 0.0359375 
2 0.846875 0.83359375 0.01484375 0.028125 
2 0.1046875 0.878125 0.01796875 0.028125 
2 0.3828125 0.875 0.01328125 0.021875 
2 0.9671875 0.81796875 0.01953125 0.03203125 
2 0.37734375 0.8734375 0.01328125 0.01953125 
2 0.509375 0.878125 0.01953125 0.03515625 
2 0.4703125 0.865625 0.0171875 0.028125 
2 0.41640625 0.87109375 0.02578125 0.025 
2 0.009375 0.86953125 0.0171875 0.0296875 
2 0.2421875 0.87578125 0.02578125 0.03359375 
2 0.896875 0.828125 0.021875 0.02890625 
2 0.934375 0.82265625 0.01875 0.025 
2 0.98828125 0.81953125 0.01875 0.02421875 
2 0.5953125 0.87109375 0.0265625 0.046875 
2 0.08359375 0.8765625 0.028125 0.03984375 
2 0.3 0.8765625 0.03515625 0.0359375 
2 0.059375 0.8796875 0.02109375 0.03359375 
2 0.665625 0.859375 0.01640625 0.03359375 
2 0.6984375 0.87890625 0.05546875 0.06484375 
2 0.54765625 0.9234375 0.09765625 0.1359375 
2 0.63671875 0.8921875 0.06640625 0.08046875 
8 0.64609375 0.7671875 0.015625 0.0078125 
