2 0.3203125 0.8703125 0.06796875 0.07421875 
7 0.7375 0.66796875 0.028125 0.01640625 
2 0.36953125 0.88125 0.02734375 0.0515625 
2 0.4453125 0.90078125 0.01953125 0.0609375 
2 0.67109375 0.89609375 0.05546875 0.11015625 
2 0.8375 0.8390625 0.03515625 0.0390625 
2 0.40390625 0.9109375 0.090625 0.12578125 
2 0.88671875 0.90546875 0.22578125 0.1890625 
2 0.27421875 0.9140625 0.19921875 0.1703125 
2 0.75234375 0.90546875 0.15390625 0.1859375 
2 0.559375 0.92109375 0.25078125 0.15703125 
7 0.63984375 0.67734375 0.03046875 0.0171875 
