2 0.3140625 0.86796875 0.0484375 0.05625 
2 0.671875 0.87890625 0.03359375 0.06640625 
2 0.67265625 0.85625 0.0296875 0.0359375 
2 0.75546875 0.83671875 0.03046875 0.028125 
2 0.840625 0.90703125 0.13203125 0.1609375 
2 0.203125 0.90234375 0.06015625 0.11015625 
2 0.765625 0.8640625 0.04609375 0.06328125 
2 0.94765625 0.85 0.0640625 0.05546875 
2 0.43046875 0.92265625 0.078125 0.1359375 
2 0.8890625 0.93671875 0.2171875 0.121875 
2 0.63671875 0.8890625 0.04296875 0.08359375 
2 0.09140625 0.90078125 0.1828125 0.1984375 
2 0.7125 0.91640625 0.10546875 0.1515625 
2 0.5484375 0.9140625 0.23671875 0.16953125 
11 0.83203125 0.6390625 0.03515625 0.01953125 
11 0.7328125 0.646875 0.0359375 0.01953125 
