2 0.56328125 0.84609375 0.0171875 0.028125 
2 0.50625 0.85 0.01484375 0.03515625 
2 0.871875 0.8140625 0.02109375 0.028125 
2 0.6609375 0.85 0.06953125 0.05703125 
2 0.22109375 0.87109375 0.03515625 0.04921875 
2 0.24296875 0.87109375 0.04296875 0.05 
2 0.29453125 0.8609375 0.02109375 0.03125 
2 0.4421875 0.85234375 0.01796875 0.03203125 
2 0.496875 0.85546875 0.0296875 0.03671875 
2 0.31640625 0.86171875 0.040625 0.04140625 
5 0.53515625 0.8484375 0.03984375 0.10390625 
2 0.46875 0.8515625 0.02265625 0.03359375 
2 0.3796875 0.85078125 0.01953125 0.03046875 
2 0.4203125 0.85390625 0.03046875 0.040625 
2 0.0421875 0.884375 0.08203125 0.09453125 
