2 0.66953125 0.8703125 0.0640625 0.08125 
2 0.365625 0.86328125 0.01640625 0.028125 
2 0.32109375 0.86953125 0.0609375 0.06875 
7 0.73671875 0.66796875 0.028125 0.01640625 
3 0.3953125 0.84296875 0.08671875 0.059375 
2 0.44609375 0.9015625 0.01953125 0.059375 
2 0.45859375 0.859375 0.03203125 0.03203125 
2 0.83671875 0.83984375 0.0359375 0.0390625 
2 0.671875 0.903125 0.04921875 0.090625 
2 0.40390625 0.909375 0.08828125 0.12890625 
2 0.88671875 0.9046875 0.22578125 0.190625 
2 0.27421875 0.91328125 0.19921875 0.1703125 
2 0.7515625 0.90859375 0.15234375 0.1796875 
2 0.559375 0.92109375 0.2515625 0.15703125 
7 0.64140625 0.67734375 0.0328125 0.0140625 
