2 0.30703125 0.865625 0.0328125 0.0453125 
2 0.23203125 0.865625 0.01484375 0.0390625 
2 0.8046875 0.8484375 0.03671875 0.059375 
0 0.32265625 0.91953125 0.02265625 0.153125 
2 0.36484375 0.8578125 0.01171875 0.03203125 
2 0.128125 0.88203125 0.0796875 0.08671875 
2 0.40625 0.8453125 0.0203125 0.04609375 
2 0.1 0.8859375 0.04609375 0.08046875 
2 0.38515625 0.8609375 0.01953125 0.03671875 
2 0.346875 0.86328125 0.03515625 0.0546875 
2 0.4296875 0.8609375 0.059375 0.06875 
2 0.25390625 0.8609375 0.03359375 0.0515625 
2 0.84921875 0.84609375 0.11328125 0.0734375 
2 0.0125 0.88828125 0.025 0.0859375 
2 0.034375 0.88125 0.04296875 0.06328125 
2 0.58046875 0.91875 0.271875 0.16171875 
7 0.7640625 0.65625 0.028125 0.0140625 
7 0.70390625 0.66328125 0.02734375 0.01640625 
17 0.87421875 0.74375 0.009375 0.03671875 
