2 0.9953125 0.8609375 0.00703125 0.071875 
2 0.45 0.8609375 0.02421875 0.03828125 
7 0.7375 0.66796875 0.028125 0.01640625 
2 0.66328125 0.87578125 0.04921875 0.08359375 
2 0.32109375 0.86875 0.06015625 0.06640625 
2 0.35078125 0.8609375 0.028125 0.03671875 
5 0.45859375 0.84140625 0.040625 0.06484375 
2 0.8078125 0.84765625 0.04921875 0.05625 
2 0.40546875 0.91015625 0.096875 0.128125 
2 0.115625 0.94140625 0.2296875 0.11640625 
2 0.88203125 0.9046875 0.23515625 0.190625 
2 0.275 0.9140625 0.1953125 0.1703125 
2 0.56015625 0.921875 0.25234375 0.15625 
2 0.7328125 0.9078125 0.13828125 0.17890625 
7 0.63984375 0.67734375 0.0328125 0.02265625 
