2 0.42109375 0.871875 0.01484375 0.025 
2 0.31171875 0.8890625 0.01953125 0.0296875 
2 0.72265625 0.85546875 0.03125 0.02578125 
0 0.096875 0.884375 0.00703125 0.05859375 
2 0.990625 0.81796875 0.01875 0.03515625 
2 0.57578125 0.8640625 0.021875 0.03515625 
2 0.27890625 0.88359375 0.03046875 0.03359375 
2 0.0203125 0.8796875 0.03671875 0.04453125 
2 0.96484375 0.82421875 0.0234375 0.03203125 
2 0.91015625 0.83203125 0.03125 0.03515625 
2 0.39609375 0.875 0.01875 0.028125 
2 0.37109375 0.8765625 0.0234375 0.025 
2 0.340625 0.878125 0.0203125 0.02578125 
2 0.6375 0.87109375 0.03125 0.04296875 
2 0.15625 0.88125 0.0421875 0.0390625 
2 0.66953125 0.8671875 0.03046875 0.03984375 
2 0.60078125 0.88671875 0.04921875 0.059375 
2 0.53828125 0.92421875 0.090625 0.13046875 
2 0.92265625 0.9203125 0.1546875 0.159375 
