0 0.04765625 0.859375 0.00859375 0.06015625 
2 0.21875 0.86796875 0.03671875 0.04140625 
2 0.00390625 0.86796875 0.0078125 0.05 
0 0.32109375 0.91796875 0.0234375 0.1640625 
2 0.3703125 0.85234375 0.0140625 0.025 
2 0.67578125 0.8671875 0.084375 0.08203125 
2 0.353125 0.85546875 0.0140625 0.02578125 
2 0.7640625 0.85390625 0.04921875 0.0640625 
2 0.3328125 0.86015625 0.03671875 0.04609375 
2 0.71875 0.85625 0.06640625 0.08359375 
2 0.4046875 0.8609375 0.06953125 0.06875 
2 0.58203125 0.91875 0.27578125 0.16171875 
