2 0.91328125 0.8609375 0.028125 0.05390625 
2 0.6265625 0.86171875 0.015625 0.02890625 
2 0.35859375 0.86171875 0.0125 0.0359375 
2 0.2921875 0.865625 0.01796875 0.021875 
2 0.2734375 0.86640625 0.03125 0.0265625 
2 0.58359375 0.83515625 0.02421875 0.04453125 
2 0.34375 0.8640625 0.040625 0.03125 
2 0.70234375 0.86328125 0.0359375 0.034375 
5 0.58359375 0.83515625 0.02421875 0.04453125 
2 0.86015625 0.8984375 0.0890625 0.09921875 
2 0.1765625 0.86171875 0.028125 0.0390625 
2 0.6546875 0.9046875 0.0640625 0.1015625 
2 0.25078125 0.87578125 0.0171875 0.04375 
2 0.81171875 0.8765625 0.04296875 0.06796875 
2 0.92109375 0.93203125 0.15703125 0.1234375 
2 0.2203125 0.88046875 0.05625 0.075 
2 0.11015625 0.89609375 0.09921875 0.09296875 
2 0.73515625 0.93046875 0.1546875 0.1390625 
11 0.71015625 0.7703125 0.015625 0.009375 
