2 0.56875 0.83125 0.01640625 0.021875 
2 0.29765625 0.859375 0.046875 0.053125 
2 0.44921875 0.8390625 0.02734375 0.046875 
2 0.153125 0.8640625 0.0234375 0.03359375 
2 0.33671875 0.85546875 0.02734375 0.03671875 
2 0.25234375 0.8609375 0.040625 0.03828125 
2 0.38828125 0.85078125 0.03046875 0.03828125 
2 0.63125 0.82890625 0.015625 0.0234375 
2 0.17734375 0.86171875 0.02890625 0.03828125 
2 0.359375 0.85078125 0.02109375 0.0390625 
2 0.4296875 0.84921875 0.03359375 0.03828125 
2 0.57890625 0.91640625 0.2578125 0.16484375 
