1 0.4390625 0.86875 0.04453125 0.13359375 
2 0.67734375 0.9140625 0.0640625 0.12421875 
2 0.81796875 0.853125 0.0296875 0.03125 
2 0.88515625 0.88046875 0.0234375 0.053125 
2 0.17265625 0.846875 0.01953125 0.03359375 
5 0.58515625 0.81875 0.03125 0.0484375 
2 0.95390625 0.93671875 0.090625 0.12578125 
2 0.58515625 0.81875 0.03203125 0.05 
2 0.18046875 0.846875 0.021875 0.034375 
2 0.90703125 0.846875 0.0359375 0.0484375 
2 0.63984375 0.89140625 0.04296875 0.09140625 
2 0.85 0.884375 0.07265625 0.1 
2 0.940625 0.8984375 0.11640625 0.134375 
2 0.24921875 0.8625 0.040625 0.06015625 
2 0.76640625 0.92578125 0.19453125 0.1484375 
