0 0.87734375 0.7609375 0.00625 0.03984375 
2 0.603125 0.81640625 0.02421875 0.03671875 
2 0.6171875 0.81171875 0.04453125 0.05 
2 0.00625 0.82265625 0.0125 0.0359375 
2 0.99140625 0.74453125 0.015625 0.0390625 
2 0.0515625 0.8234375 0.02734375 0.03828125 
2 0.67109375 0.796875 0.03203125 0.03515625 
2 0.63984375 0.80859375 0.06875 0.0546875 
2 0.846875 0.76953125 0.03984375 0.04609375 
2 0.8203125 0.77578125 0.0375 0.0484375 
2 0.0234375 0.821875 0.03046875 0.05 
2 0.4 0.83125 0.08359375 0.065625 
2 0.32265625 0.828125 0.07421875 0.0703125 
2 0.09375 0.85078125 0.10234375 0.075 
7 0.67421875 0.19140625 0.0890625 0.059375 
17 0.15625 0.67734375 0.02578125 0.10234375 
