0 0.04765625 0.859375 0.0078125 0.059375 
0 0.32265625 0.92109375 0.02109375 0.1546875 
2 0.18828125 0.86796875 0.03359375 0.03828125 
2 0.44921875 0.83671875 0.028125 0.028125 
2 0.13671875 0.86953125 0.03984375 0.04296875 
2 0.24921875 0.865625 0.034375 0.03828125 
2 0.40234375 0.85390625 0.01796875 0.03671875 
2 0.9546875 0.809375 0.078125 0.05546875 
2 0.30390625 0.86640625 0.02421875 0.03984375 
2 0.359375 0.85859375 0.02109375 0.03671875 
2 0.33671875 0.8625 0.03046875 0.03984375 
2 0.38515625 0.85703125 0.0328125 0.03984375 
2 0.42734375 0.85625 0.03125 0.04140625 
2 0.47734375 0.86328125 0.0875 0.06640625 
2 0.5796875 0.91796875 0.271875 0.1640625 
7 0.7640625 0.6578125 0.028125 0.01875 
7 0.70390625 0.66328125 0.0296875 0.01484375 
