7 0.184375 0.63984375 0.0328125 0.02109375 
2 0.0046875 0.89453125 0.009375 0.1171875 
2 0.25625 0.840625 0.01484375 0.03046875 
2 0.015625 0.85390625 0.02578125 0.03671875 
2 0.3390625 0.84609375 0.03515625 0.0453125 
2 0.6640625 0.84296875 0.02421875 0.0453125 
2 0.04609375 0.91328125 0.09140625 0.15546875 
2 0.45546875 0.8859375 0.0703125 0.11015625 
2 0.31328125 0.9046875 0.10234375 0.15 
2 0.1796875 0.88515625 0.21796875 0.2296875 
7 0.35078125 0.73984375 0.0203125 0.01015625 
7 0.3015625 0.740625 0.01796875 0.009375 
7 0.1078125 0.64296875 0.0328125 0.0171875 
