2 0.36953125 0.88125 0.02734375 0.05 
7 0.7375 0.66796875 0.028125 0.01875 
2 0.66953125 0.86328125 0.06484375 0.06953125 
2 0.48203125 0.86328125 0.034375 0.03359375 
2 0.8375 0.8390625 0.03515625 0.03984375 
2 0.67109375 0.90546875 0.04765625 0.0890625 
2 0.4046875 0.91015625 0.09140625 0.128125 
2 0.88671875 0.9046875 0.22578125 0.190625 
2 0.27421875 0.91328125 0.19921875 0.1703125 
2 0.753125 0.90703125 0.15390625 0.18203125 
2 0.559375 0.92109375 0.2515625 0.15703125 
7 0.63984375 0.67890625 0.03359375 0.01875 
