2 0.415625 0.85078125 0.01640625 0.03828125 
2 0.9953125 0.7984375 0.009375 0.06328125 
2 0.253125 0.86640625 0.02734375 0.03828125 
2 0.175 0.88671875 0.15859375 0.11875 
2 0.1015625 0.88984375 0.028125 0.06640625 
2 0.45078125 0.84609375 0.028125 0.046875 
2 0.40078125 0.853125 0.015625 0.03515625 
0 0.32265625 0.91953125 0.021875 0.15703125 
2 0.24375 0.89296875 0.03828125 0.05546875 
2 0.3046875 0.86640625 0.02578125 0.04140625 
2 0.078125 0.871875 0.02421875 0.0515625 
2 0.36015625 0.859375 0.0203125 0.03671875 
2 0.6328125 0.846875 0.071875 0.07578125 
2 0.875 0.81796875 0.071875 0.05859375 
2 0.38515625 0.85625 0.03203125 0.0390625 
2 0.3375 0.8625 0.0296875 0.03984375 
2 0.42890625 0.85625 0.03203125 0.03984375 
2 0.0421875 0.87421875 0.08046875 0.06328125 
2 0.5796875 0.9203125 0.275 0.159375 
7 0.76328125 0.65703125 0.028125 0.0171875 
7 0.703125 0.66171875 0.03046875 0.015625 
17 0.87421875 0.74375 0.01171875 0.040625 
