7 0.7375 0.66796875 0.028125 0.01875 
2 0.3203125 0.86953125 0.06796875 0.07421875 
2 0.4453125 0.90234375 0.01953125 0.0640625 
2 0.66953125 0.8625 0.06484375 0.06953125 
2 0.83671875 0.83984375 0.0359375 0.0390625 
2 0.67109375 0.90546875 0.046875 0.0890625 
2 0.11484375 0.9421875 0.22734375 0.115625 
2 0.4046875 0.91015625 0.08984375 0.128125 
2 0.88671875 0.90703125 0.22578125 0.1859375 
2 0.275 0.9140625 0.19453125 0.1703125 
2 0.753125 0.90703125 0.15390625 0.18203125 
2 0.559375 0.921875 0.2515625 0.15546875 
7 0.640625 0.6765625 0.0328125 0.01953125 
