2 0.2484375 0.865625 0.02734375 0.0359375 
2 0.4078125 0.84765625 0.01953125 0.0359375 
2 0.21875 0.86796875 0.0296875 0.03515625 
2 0.45078125 0.84609375 0.028125 0.046875 
2 0.81875 0.83046875 0.02890625 0.040625 
2 0.359375 0.859375 0.0203125 0.03671875 
2 0.1609375 0.8703125 0.03671875 0.03671875 
2 0.3859375 0.85625 0.03359375 0.0390625 
2 0.33671875 0.8625 0.03046875 0.03984375 
2 0.91484375 0.85546875 0.165625 0.10546875 
2 0.428125 0.85546875 0.03359375 0.040625 
2 0.79609375 0.8328125 0.0359375 0.04140625 
2 0.0265625 0.87109375 0.05 0.04375 
2 0.75 0.83125 0.0421875 0.0484375 
2 0.578125 0.91796875 0.271875 0.1640625 
