2 0.36953125 0.88046875 0.0265625 0.05 
2 0.44609375 0.9015625 0.01875 0.06328125 
2 0.66953125 0.8640625 0.06484375 0.0703125 
7 0.7375 0.66796875 0.028125 0.01875 
2 0.6703125 0.90078125 0.05078125 0.09453125 
2 0.83671875 0.8390625 0.0375 0.03984375 
2 0.40546875 0.9109375 0.09140625 0.12578125 
2 0.8859375 0.90546875 0.228125 0.1890625 
2 0.27421875 0.91328125 0.19921875 0.1703125 
2 0.75234375 0.90859375 0.153125 0.1796875 
2 0.559375 0.92109375 0.2515625 0.15703125 
7 0.640625 0.67734375 0.03046875 0.01484375 
