2 0.375 0.8484375 0.01640625 0.0234375 
2 0.39609375 0.85 0.02265625 0.028125 
2 0.45859375 0.84296875 0.0125 0.0265625 
2 0.29921875 0.86328125 0.03046875 0.04140625 
2 0.28359375 0.8625 0.02890625 0.04140625 
2 0.50625 0.84609375 0.0234375 0.03046875 
2 0.196875 0.86796875 0.0453125 0.05546875 
2 0.48203125 0.84296875 0.01796875 0.028125 
5 0.5359375 0.840625 0.03515625 0.0890625 
2 0.35 0.853125 0.0375 0.03359375 
2 0.44140625 0.8453125 0.025 0.03359375 
2 0.0921875 0.86796875 0.0953125 0.09140625 
