2 0.3375 0.8671875 0.02890625 0.05078125 
2 0.25859375 0.8640625 0.02265625 0.03671875 
2 0.35625 0.878125 0.03515625 0.0609375 
2 0.45234375 0.85703125 0.07109375 0.0703125 
0 0.00546875 0.8640625 0.009375 0.06484375 
2 0.303125 0.865625 0.02109375 0.0390625 
2 0.1109375 0.88359375 0.03046875 0.04453125 
2 0.4 0.87109375 0.08515625 0.071875 
2 0.68359375 0.8390625 0.03359375 0.03671875 
2 0.80234375 0.83359375 0.05 0.04296875 
2 0.06484375 0.878125 0.08359375 0.0703125 
2 0.58046875 0.91875 0.271875 0.16171875 
