2 0.56640625 0.834375 0.015625 0.02109375 
2 0.75390625 0.821875 0.03984375 0.0640625 
2 0.53984375 0.82890625 0.0203125 0.01640625 
3 0.75234375 0.82109375 0.04375 0.06484375 
2 0.934375 0.81953125 0.03515625 0.03671875 
2 0.59140625 0.84140625 0.0328125 0.03671875 
2 0.24765625 0.865625 0.03203125 0.03828125 
2 0.4078125 0.84453125 0.01875 0.03046875 
2 0.39140625 0.85234375 0.03046875 0.034375 
2 0.42421875 0.85 0.028125 0.028125 
2 0.06171875 0.8859375 0.03046875 0.05703125 
2 0.26640625 0.8515625 0.01484375 0.028125 
2 0.65 0.83671875 0.02421875 0.03359375 
2 0.68671875 0.83359375 0.0265625 0.04921875 
2 0.4546875 0.878125 0.10703125 0.0953125 
2 0.34375 0.86015625 0.1078125 0.08671875 
2 0.03125 0.89375 0.06015625 0.11796875 
2 0.709375 0.84140625 0.04140625 0.0453125 
2 0.58203125 0.92421875 0.26796875 0.1515625 
