2 0.59453125 0.84296875 0.0125 0.02109375 
2 0.10546875 0.87109375 0.04765625 0.05 
2 0.66953125 0.84140625 0.01953125 0.02421875 
2 0.58046875 0.8703125 0.025 0.05546875 
2 0.30546875 0.859375 0.0171875 0.02890625 
2 0.4546875 0.846875 0.0265625 0.040625 
2 0.3984375 0.85546875 0.0203125 0.03125 
2 0.3578125 0.85859375 0.02109375 0.03203125 
2 0.32421875 0.86171875 0.0234375 0.03359375 
2 0.28671875 0.8640625 0.02890625 0.03125 
2 0.4375 0.85546875 0.02734375 0.03046875 
2 0.13046875 0.871875 0.03359375 0.04609375 
2 0.6453125 0.8546875 0.03671875 0.04609375 
2 0.5421875 0.92265625 0.1078125 0.153125 
7 0.71328125 0.7 0.0234375 0.0125 
7 0.6640625 0.703125 0.0234375 0.01171875 
