2 0.2234375 0.878125 0.0359375 0.0296875 
2 0.91328125 0.82734375 0.01875 0.0265625 
2 0.3578125 0.87109375 0.01875 0.02421875 
2 0.9390625 0.82109375 0.01875 0.03046875 
2 0.40390625 0.8734375 0.01640625 0.025 
2 0.375 0.8734375 0.01640625 0.021875 
2 0.446875 0.86640625 0.01640625 0.02578125 
2 0.903125 0.83046875 0.01484375 0.025 
2 0.10078125 0.87109375 0.025 0.04140625 
2 0.88125 0.8328125 0.01484375 0.02890625 
2 0.890625 0.83203125 0.02734375 0.03203125 
2 0.41796875 0.86953125 0.0203125 0.0234375 
2 0.75546875 0.8515625 0.0328125 0.03359375 
2 0.990625 0.8203125 0.01875 0.028125 
2 0.58984375 0.86953125 0.025 0.04453125 
2 0.7015625 0.865625 0.01796875 0.03828125 
2 0.07421875 0.875 0.03046875 0.040625 
2 0.66015625 0.85859375 0.021875 0.028125 
2 0.27734375 0.878125 0.0375 0.03671875 
2 0.02734375 0.878125 0.04453125 0.04296875 
2 0.68203125 0.878125 0.05078125 0.059375 
2 0.62734375 0.890625 0.0609375 0.075 
2 0.54609375 0.9234375 0.0921875 0.13515625 
