2 0.96171875 0.8890625 0.0453125 0.06484375 
2 0.62109375 0.87421875 0.02265625 0.05546875 
2 0.6484375 0.84453125 0.03046875 0.0265625 
2 0.78359375 0.88046875 0.09375 0.10546875 
2 0.375 0.92578125 0.146875 0.1453125 
2 0.70546875 0.87421875 0.01953125 0.071875 
2 0.971875 0.92578125 0.05390625 0.14375 
2 0.98203125 0.83515625 0.0328125 0.04453125 
2 0.0515625 0.91328125 0.0203125 0.09140625 
2 0.6765625 0.89375 0.078125 0.1109375 
2 0.85078125 0.93046875 0.2609375 0.1390625 
2 0.02421875 0.89375 0.04765625 0.209375 
2 0.18515625 0.88828125 0.0875 0.109375 
2 0.5375 0.91328125 0.24140625 0.171875 
11 0.8296875 0.628125 0.0359375 0.01640625 
11 0.7296875 0.63828125 0.03515625 0.015625 
