2 0.671875 0.79609375 0.02265625 0.03359375 
0 0.88515625 0.76015625 0.0078125 0.0390625 
2 0.80859375 0.78046875 0.046875 0.05390625 
2 0.06171875 0.81953125 0.015625 0.03046875 
2 0.075 0.8234375 0.02421875 0.028125 
2 0.00703125 0.8234375 0.01328125 0.03828125 
2 0.82578125 0.77890625 0.05 0.05 
2 0.44921875 0.8265625 0.03125 0.04140625 
2 0.99296875 0.7484375 0.0140625 0.0390625 
2 0.02578125 0.82109375 0.034375 0.05 
2 0.62734375 0.80859375 0.040625 0.053125 
2 0.65390625 0.8078125 0.059375 0.053125 
2 0.48515625 0.815625 0.0625 0.06015625 
2 0.775 0.78203125 0.04609375 0.05390625 
2 0.246875 0.840625 0.1 0.078125 
7 0.67734375 0.190625 0.09375 0.05234375 
