0 0.32109375 0.92265625 0.0234375 0.1546875 
2 0.4234375 0.8484375 0.015625 0.02890625 
2 0.21484375 0.86953125 0.04765625 0.04296875 
2 0.1546875 0.8671875 0.0234375 0.03828125 
2 0.43984375 0.8484375 0.02578125 0.03203125 
2 0.38046875 0.85078125 0.0171875 0.021875 
2 0.175 0.86640625 0.0390625 0.040625 
2 0.05703125 0.88203125 0.06796875 0.09921875 
2 0.35078125 0.85390625 0.02109375 0.0265625 
2 0.32421875 0.865625 0.03984375 0.04453125 
2 0.0921875 0.88515625 0.0734375 0.1 
2 0.4 0.8515625 0.021875 0.03828125 
2 0.58046875 0.91796875 0.2734375 0.1640625 
