0 0.04765625 0.85859375 0.0078125 0.05859375 
2 0.15234375 0.8703125 0.01875 0.03359375 
2 0.9484375 0.83515625 0.03828125 0.05546875 
2 0.5921875 0.84140625 0.0203125 0.03515625 
2 0.325 0.8578125 0.01328125 0.03203125 
2 0.403125 0.85390625 0.01953125 0.03359375 
2 0.3625 0.8515625 0.01328125 0.0234375 
2 0.63984375 0.84140625 0.04453125 0.04140625 
2 0.425 0.853125 0.0296875 0.03671875 
2 0.61015625 0.8421875 0.02578125 0.034375 
2 0.33984375 0.86171875 0.0328125 0.0390625 
2 0.38359375 0.85546875 0.02265625 0.03046875 
2 0.89296875 0.83984375 0.075 0.071875 
2 0.69609375 0.8859375 0.08984375 0.11875 
2 0.5796875 0.92421875 0.271875 0.15078125 
2 0.95625 0.89375 0.0875 0.20625 
