2 0.2234375 0.84140625 0.03046875 0.01875 
2 0.74765625 0.8484375 0.03125 0.0234375 
2 0.875 0.8734375 0.02734375 0.05703125 
2 0.809375 0.8515625 0.025 0.0265625 
5 0.58515625 0.81796875 0.03125 0.046875 
2 0.6546875 0.85546875 0.0203125 0.03515625 
2 0.5859375 0.81875 0.03203125 0.0484375 
2 0.178125 0.84609375 0.02109375 0.034375 
2 0.94375 0.928125 0.109375 0.13828125 
2 0.6828125 0.9109375 0.07734375 0.128125 
2 0.63828125 0.890625 0.04140625 0.0890625 
2 0.253125 0.8703125 0.03046875 0.05 
2 0.8421875 0.884375 0.059375 0.09453125 
2 0.21640625 0.9046875 0.09140625 0.11640625 
2 0.103125 0.915625 0.2046875 0.16875 
2 0.76640625 0.9265625 0.196875 0.1453125 
11 0.71015625 0.76015625 0.01875 0.0125 
