2 0.128125 0.86875 0.04375 0.04140625 
2 0.34296875 0.90625 0.02734375 0.05078125 
0 0.0453125 0.859375 0.01015625 0.06015625 
2 0.16796875 0.86953125 0.02578125 0.03203125 
2 0.1890625 0.86796875 0.03203125 0.03828125 
2 0.24921875 0.865625 0.034375 0.03828125 
2 0.88359375 0.81796875 0.0296875 0.05078125 
2 0.30078125 0.865625 0.02109375 0.0390625 
2 0.84921875 0.82265625 0.0578125 0.053125 
2 0.40234375 0.878125 0.14140625 0.1140625 
2 0.98125 0.809375 0.0375 0.04453125 
2 0.58125 0.91796875 0.26875 0.1640625 
