2 0.32109375 0.87109375 0.06328125 0.071875 
2 0.66171875 0.88828125 0.03671875 0.06640625 
2 0.6625 0.86875 0.0484375 0.071875 
7 0.7375 0.66796875 0.028125 0.01640625 
2 0.37109375 0.88125 0.02734375 0.0515625 
2 0.81640625 0.853125 0.06640625 0.06875 
2 0.47578125 0.86015625 0.03359375 0.028125 
2 0.11484375 0.94140625 0.22890625 0.11640625 
2 0.40546875 0.9109375 0.090625 0.12578125 
2 0.88359375 0.90625 0.2328125 0.184375 
2 0.275 0.9140625 0.19609375 0.1703125 
2 0.559375 0.9203125 0.25 0.159375 
2 0.73515625 0.9078125 0.14296875 0.17890625 
