2 0.99453125 0.8015625 0.009375 0.075 
2 0.65390625 0.84453125 0.05234375 0.0484375 
0 0.04765625 0.85859375 0.0078125 0.05703125 
2 0.57890625 0.84375 0.0203125 0.03046875 
2 0.615625 0.8421875 0.02890625 0.034375 
2 0.99296875 0.8703125 0.0140625 0.14453125 
2 0.40859375 0.84921875 0.0125 0.02890625 
2 0.39140625 0.85390625 0.025 0.028125 
2 0.6765625 0.86875 0.03203125 0.05546875 
2 0.33046875 0.85625 0.01640625 0.028125 
2 0.1859375 0.86640625 0.03671875 0.03984375 
2 0.425 0.853125 0.0296875 0.0390625 
2 0.35078125 0.85859375 0.03515625 0.04296875 
2 0.93359375 0.83984375 0.0875 0.0796875 
2 0.5796875 0.9234375 0.27109375 0.153125 
2 0.73125 0.90390625 0.11640625 0.153125 
6 0.7640625 0.65703125 0.03046875 0.0140625 
6 0.70390625 0.6625 0.028125 0.01796875 
