0 0.0484375 0.86328125 0.0078125 0.05546875 
2 0.40625 0.85078125 0.01875 0.03828125 
2 0.2484375 0.865625 0.03359375 0.0359375 
0 0.0625 0.86328125 0.0078125 0.05546875 
0 0.03671875 0.8609375 0.00859375 0.06328125 
2 0.5828125 0.8390625 0.01796875 0.02578125 
2 0.98046875 0.8125 0.0234375 0.034375 
2 0.4515625 0.84609375 0.03046875 0.046875 
2 0.953125 0.815625 0.053125 0.04375 
2 0.359375 0.85859375 0.0203125 0.03515625 
2 0.303125 0.865625 0.02265625 0.03984375 
2 0.0078125 0.87421875 0.015625 0.0640625 
2 0.33671875 0.8625 0.03125 0.03984375 
2 0.3859375 0.85625 0.03359375 0.0390625 
2 0.428125 0.85546875 0.03359375 0.040625 
2 0.68203125 0.8359375 0.03359375 0.03515625 
2 0.57890625 0.92109375 0.271875 0.15703125 
