0 0.0515625 0.86015625 0.0109375 0.05546875 
3 0.1890625 0.846875 0.0765625 0.0765625 
2 0.57890625 0.84140625 0.02265625 0.03046875 
2 0.98828125 0.83671875 0.021875 0.05546875 
2 0.36953125 0.85703125 0.01328125 0.03203125 
2 0.42578125 0.853125 0.02890625 0.03671875 
2 0.4046875 0.8546875 0.0171875 0.03359375 
2 0.66875 0.8390625 0.02265625 0.04921875 
2 0.253125 0.8640625 0.0296875 0.03203125 
2 0.38359375 0.859375 0.03203125 0.03984375 
2 0.875 0.8546875 0.08359375 0.09453125 
2 0.703125 0.8515625 0.06015625 0.078125 
2 0.64140625 0.8578125 0.0546875 0.07890625 
2 0.77265625 0.83203125 0.0375 0.05390625 
2 0.57890625 0.92265625 0.2640625 0.1546875 
2 0.9328125 0.90703125 0.134375 0.18046875 
11 0.765625 0.65625 0.028125 0.015625 
11 0.7046875 0.6625 0.0296875 0.0171875 
