2 0.6421875 0.85078125 0.01953125 0.03046875 
7 0.7375 0.66796875 0.028125 0.01640625 
2 0.44765625 0.859375 0.03359375 0.04453125 
2 0.32109375 0.86953125 0.06171875 0.06875 
2 0.09453125 0.94921875 0.18828125 0.1015625 
2 0.43515625 0.86171875 0.0546875 0.05546875 
2 0.66953125 0.8953125 0.05625 0.11328125 
2 0.8375 0.83984375 0.03515625 0.0390625 
2 0.40234375 0.91171875 0.0921875 0.121875 
2 0.8859375 0.9046875 0.228125 0.190625 
2 0.27421875 0.9140625 0.1984375 0.1703125 
2 0.753125 0.90703125 0.15390625 0.18203125 
2 0.559375 0.921875 0.2515625 0.15625 
7 0.640625 0.678125 0.0296875 0.0171875 
