2 0.6609375 0.85859375 0.01796875 0.0296875 
5 0.58515625 0.81875 0.03125 0.046875 
2 0.88359375 0.87109375 0.0234375 0.04296875 
2 0.5859375 0.81875 0.03203125 0.0484375 
2 0.8984375 0.85390625 0.02578125 0.0453125 
2 0.6796875 0.9125 0.06796875 0.1265625 
2 0.940625 0.90546875 0.11640625 0.15 
2 0.6390625 0.8921875 0.04296875 0.08984375 
2 0.84921875 0.88515625 0.0734375 0.1 
2 0.2953125 0.9109375 0.04296875 0.12578125 
2 0.190625 0.89296875 0.13046875 0.146875 
2 0.075 0.87578125 0.09765625 0.1 
2 0.76796875 0.925 0.19375 0.1484375 
