2 0.2625 0.84140625 0.01953125 0.03515625 
2 0.575 0.80546875 0.03359375 0.059375 
2 0.04921875 0.8203125 0.0109375 0.040625 
2 0.0765625 0.8234375 0.02265625 0.0265625 
2 0.025 0.821875 0.04765625 0.12578125 
2 0.29140625 0.83359375 0.05234375 0.0640625 
2 0.775 0.790625 0.02734375 0.04453125 
2 0.88984375 0.76796875 0.0328125 0.03828125 
2 0.99296875 0.7484375 0.0140625 0.0359375 
5 0.02421875 0.82109375 0.0484375 0.134375 
2 0.86953125 0.771875 0.0265625 0.03671875 
2 0.8015625 0.784375 0.06015625 0.05390625 
2 0.6 0.80078125 0.08515625 0.06953125 
2 0.32421875 0.83515625 0.09609375 0.07421875 
