2 0.8859375 0.8515625 0.021875 0.03203125 
5 0.6265625 0.81796875 0.0265625 0.0453125 
2 0.7984375 0.859375 0.01484375 0.03359375 
2 0.8859375 0.86640625 0.03046875 0.059375 
2 0.62578125 0.81875 0.02578125 0.04453125 
2 0.8328125 0.8453125 0.01171875 0.021875 
11 0.86640625 0.66640625 0.03203125 0.01796875 
11 0.9328125 0.6609375 0.0296875 0.01796875 
2 0.821875 0.84921875 0.01015625 0.02421875 
2 0.81015625 0.85703125 0.0171875 0.034375 
2 0.6859375 0.8703125 0.0203125 0.0390625 
2 0.740625 0.8640625 0.01484375 0.0390625 
2 0.71328125 0.8640625 0.04296875 0.0546875 
2 0.784375 0.8625 0.0203125 0.04375 
2 0.9390625 0.84609375 0.025 0.03671875 
2 0.76015625 0.86484375 0.03359375 0.05 
2 0.97578125 0.8484375 0.0265625 0.03359375 
2 0.015625 0.859375 0.03046875 0.06953125 
2 0.25390625 0.88359375 0.03984375 0.07421875 
2 0.6609375 0.86953125 0.0296875 0.0546875 
2 0.2125 0.88046875 0.053125 0.071875 
2 0.915625 0.87734375 0.06875 0.08203125 
17 0.29609375 0.78046875 0.01484375 0.04921875 
