2 0.87734375 0.86171875 0.0265625 0.05 
1 0.43828125 0.8703125 0.04375 0.13671875 
2 0.0890625 0.84375 0.0203125 0.03515625 
2 0.6625 0.85546875 0.01640625 0.02890625 
5 0.58515625 0.81796875 0.03125 0.046875 
2 0.19921875 0.86015625 0.021875 0.03359375 
2 0.58515625 0.81875 0.03125 0.0484375 
2 0.68125 0.9125 0.07109375 0.125 
2 0.1765625 0.8515625 0.02890625 0.0453125 
2 0.9421875 0.92109375 0.115625 0.14921875 
2 0.6390625 0.890625 0.04296875 0.09140625 
2 0.234375 0.871875 0.0453125 0.05390625 
2 0.84609375 0.88515625 0.0765625 0.1 
2 0.76796875 0.92578125 0.19375 0.146875 
2 0.27421875 0.89296875 0.0828125 0.0890625 
