2 0.00546875 0.82578125 0.0109375 0.03671875 
2 0.6109375 0.76796875 0.01328125 0.01953125 
2 0.99296875 0.75078125 0.0140625 0.03046875 
2 0.00625 0.890625 0.0125 0.175 
2 0.02265625 0.8234375 0.015625 0.028125 
2 0.0109375 0.82265625 0.0171875 0.03046875 
2 0.1125 0.8359375 0.03359375 0.05859375 
2 0.93828125 0.79140625 0.0515625 0.078125 
2 0.0890625 0.83671875 0.04765625 0.0640625 
2 0.978125 0.83828125 0.04375 0.1359375 
2 0.88203125 0.815625 0.053125 0.090625 
7 0.67421875 0.18984375 0.0875 0.0609375 
