2 0.4515625 0.8390625 0.02421875 0.0296875 
2 0.33671875 0.8640625 0.07109375 0.065625 
2 0.40546875 0.853125 0.01953125 0.03671875 
2 0.609375 0.83125 0.01484375 0.02578125 
2 0.46171875 0.86953125 0.090625 0.071875 
2 0.2515625 0.8640625 0.03125 0.03515625 
2 0.42734375 0.853125 0.03203125 0.03515625 
2 0.590625 0.83671875 0.01953125 0.02578125 
2 0.03671875 0.903125 0.07265625 0.1109375 
2 0.38515625 0.85703125 0.03359375 0.03984375 
2 0.64921875 0.83828125 0.02109375 0.0265625 
2 0.6890625 0.8390625 0.03828125 0.03515625 
2 0.9421875 0.8234375 0.096875 0.065625 
2 0.58046875 0.9203125 0.2703125 0.159375 
