2 0.32109375 0.86953125 0.06796875 0.075 
7 0.7375 0.66796875 0.02734375 0.01796875 
2 0.4453125 0.9015625 0.01953125 0.06328125 
2 0.628125 0.8484375 0.0234375 0.0234375 
2 0.83828125 0.83984375 0.0375 0.0390625 
2 0.671875 0.89140625 0.05859375 0.11875 
2 0.11484375 0.94140625 0.22890625 0.11640625 
2 0.40390625 0.91015625 0.0890625 0.128125 
2 0.88671875 0.9046875 0.22578125 0.190625 
2 0.275 0.9140625 0.19609375 0.1703125 
2 0.753125 0.90703125 0.15390625 0.18203125 
2 0.559375 0.9203125 0.25 0.159375 
7 0.640625 0.6765625 0.03125 0.01484375 
