2 0.10078125 0.88515625 0.08203125 0.10546875 
2 0.3703125 0.85078125 0.0109375 0.02421875 
2 0.6484375 0.84375 0.01953125 0.0390625 
2 0.4421875 0.8515625 0.0234375 0.034375 
2 0.2015625 0.86875 0.0328125 0.0359375 
2 0.26796875 0.859375 0.01328125 0.03203125 
2 0.3546875 0.853125 0.01640625 0.02421875 
2 0.7578125 0.8609375 0.04296875 0.103125 
2 0.32265625 0.86171875 0.03828125 0.05 
2 0.38125 0.85 0.01875 0.03125 
2 0.78984375 0.8609375 0.09453125 0.12578125 
2 0.2453125 0.8640625 0.0421875 0.0484375 
2 0.396875 0.8515625 0.0234375 0.03359375 
2 0.06640625 0.88359375 0.084375 0.10546875 
2 0.6796875 0.88046875 0.0640625 0.10859375 
2 0.86796875 0.91484375 0.2578125 0.1703125 
2 0.58046875 0.925 0.2734375 0.15 
6 0.7640625 0.65625 0.028125 0.01171875 
6 0.70390625 0.66171875 0.028125 0.0140625 
17 0.87421875 0.7453125 0.01015625 0.0421875 
