0 0.04765625 0.8609375 0.00703125 0.05859375 
0 0.3234375 0.921875 0.02109375 0.1484375 
2 0.37109375 0.86953125 0.03515625 0.05390625 
2 0.2765625 0.875 0.04765625 0.06484375 
2 0.340625 0.871875 0.05390625 0.0640625 
2 0.11015625 0.88046875 0.02578125 0.0359375 
2 0.45 0.84609375 0.02734375 0.046875 
2 0.40234375 0.85390625 0.0171875 0.03828125 
2 0.98984375 0.81953125 0.0203125 0.0359375 
2 0.38515625 0.8625 0.028125 0.046875 
2 0.25078125 0.86796875 0.03359375 0.04375 
2 0.42890625 0.85546875 0.03203125 0.040625 
2 0.5796875 0.9203125 0.275 0.159375 
