2 0.73828125 0.84609375 0.03046875 0.025 
2 0.18828125 0.85546875 0.03203125 0.03984375 
5 0.58515625 0.81796875 0.03125 0.046875 
2 0.88203125 0.86953125 0.0234375 0.04375 
2 0.5859375 0.81875 0.03203125 0.0484375 
2 0.6796875 0.9125 0.06796875 0.1265625 
2 0.215625 0.86015625 0.03359375 0.0390625 
2 0.940625 0.90546875 0.115625 0.1484375 
2 0.6390625 0.890625 0.0421875 0.09375 
2 0.2515625 0.865625 0.03828125 0.05390625 
2 0.84765625 0.88515625 0.075 0.1 
2 0.29453125 0.88671875 0.04453125 0.07890625 
2 0.7671875 0.925 0.19453125 0.1484375 
2 0.1109375 0.91015625 0.22109375 0.1796875 
