1 0.4390625 0.86953125 0.04453125 0.13359375 
2 0.96796875 0.8703125 0.0625 0.08125 
2 0.65625 0.8578125 0.01875 0.03046875 
5 0.58515625 0.81875 0.03125 0.0484375 
2 0.6796875 0.91328125 0.0671875 0.125 
2 0.58515625 0.81875 0.03203125 0.05 
2 0.86015625 0.88828125 0.0453125 0.05390625 
2 0.18046875 0.846875 0.02109375 0.03046875 
2 0.8421875 0.86640625 0.06875 0.06640625 
2 0.63984375 0.8921875 0.04140625 0.08984375 
2 0.92578125 0.92109375 0.1375 0.15546875 
2 0.7671875 0.92578125 0.19296875 0.1484375 
