2 0.00625 0.82578125 0.0109375 0.04375 
0 0.8796875 0.76015625 0.00625 0.04453125 
2 0.0234375 0.81953125 0.03984375 0.04609375 
2 0.453125 0.82109375 0.02265625 0.03515625 
2 0.934375 0.75390625 0.034375 0.04453125 
2 0.7375 0.796875 0.03515625 0.04375 
2 0.7875 0.78203125 0.025 0.0390625 
2 0.54375 0.81796875 0.07421875 0.0609375 
2 0.7625 0.7921875 0.05859375 0.046875 
2 0.9109375 0.7609375 0.03671875 0.04296875 
2 0.48046875 0.815625 0.059375 0.0609375 
2 0.04609375 0.840625 0.08828125 0.07421875 
2 0.2859375 0.84140625 0.09296875 0.0703125 
7 0.6765625 0.1875 0.09453125 0.059375 
7 0.63671875 0.67734375 0.01796875 0.01171875 
