7 0.63984375 0.67578125 0.02734375 0.01796875 
2 0.3703125 0.88046875 0.02578125 0.05 
7 0.7375 0.66796875 0.028125 0.01640625 
2 0.6703125 0.8609375 0.06484375 0.06640625 
2 0.4453125 0.903125 0.01953125 0.06328125 
2 0.671875 0.9015625 0.0515625 0.09453125 
2 0.8375 0.83984375 0.03515625 0.0390625 
2 0.1140625 0.940625 0.228125 0.11875 
2 0.40390625 0.9109375 0.0875 0.1265625 
2 0.88671875 0.90703125 0.22578125 0.18515625 
2 0.275 0.9140625 0.19609375 0.1703125 
2 0.753125 0.90625 0.15390625 0.18359375 
2 0.559375 0.92109375 0.2515625 0.15703125 
