2 0.3609375 0.859375 0.03203125 0.0484375 
2 0.9546875 0.84453125 0.06796875 0.05390625 
2 0.66796875 0.86171875 0.0390625 0.05546875 
2 0.7578125 0.83046875 0.03125 0.02578125 
2 0.02734375 0.890625 0.053125 0.1890625 
2 0.3109375 0.86796875 0.05390625 0.0640625 
2 0.8265625 0.90390625 0.12578125 0.1515625 
2 0.7609375 0.86015625 0.04296875 0.0609375 
2 0.18125 0.903125 0.05546875 0.11328125 
2 0.240625 0.88046875 0.06640625 0.09453125 
2 0.42109375 0.92109375 0.090625 0.13828125 
2 0.70546875 0.909375 0.09765625 0.1453125 
2 0.63359375 0.88828125 0.040625 0.090625 
2 0.884375 0.93125 0.23125 0.134375 
2 0.08125 0.89921875 0.16015625 0.2015625 
2 0.546875 0.91171875 0.23984375 0.171875 
11 0.73203125 0.64140625 0.0328125 0.01796875 
11 0.83125 0.63359375 0.03359375 0.01796875 
