2 0.7359375 0.81171875 0.03671875 0.0390625 
4 0.41015625 0.86484375 0.01953125 0.0484375 
2 0.453125 0.853125 0.01328125 0.040625 
2 0.41015625 0.8640625 0.0203125 0.0484375 
3 0.67109375 0.8375 0.084375 0.16015625 
2 0.671875 0.8359375 0.08359375 0.1609375 
2 0.975 0.83359375 0.05 0.0578125 
6 0.57578125 0.2796875 0.07109375 0.0484375 
6 0.81953125 0.27578125 0.0640625 0.046875 
2 0.434375 0.85390625 0.0296875 0.0484375 
6 0.61328125 0.69453125 0.0203125 0.0140625 
17 0.87578125 0.7578125 0.01015625 0.0453125 
