2 0.98671875 0.90625 0.0265625 0.18359375 
2 0.57265625 0.859375 0.01015625 0.03671875 
2 0.759375 0.846875 0.01484375 0.02421875 
2 0.3140625 0.853125 0.02109375 0.0234375 
2 0.65078125 0.88984375 0.034375 0.0984375 
2 0.30390625 0.8515625 0.01640625 0.02890625 
2 0.58515625 0.8609375 0.015625 0.04140625 
2 0.2265625 0.84296875 0.02109375 0.028125 
2 0.6265625 0.878125 0.04296875 0.0734375 
2 0.59921875 0.86640625 0.02890625 0.0515625 
2 0.36640625 0.8609375 0.0296875 0.0515625 
2 0.94140625 0.87578125 0.0921875 0.08828125 
2 0.70390625 0.90078125 0.1171875 0.1609375 
2 0.85234375 0.91640625 0.1484375 0.15390625 
