2 0.6078125 0.83359375 0.0109375 0.01796875 
2 0.578125 0.83671875 0.015625 0.021875 
0 0.04609375 0.865625 0.00859375 0.05390625 
0 0.32265625 0.92109375 0.02109375 0.15625 
2 0.2484375 0.86640625 0.03359375 0.03828125 
0 0.034375 0.8640625 0.00859375 0.05703125 
2 0.40390625 0.853125 0.01875 0.03671875 
2 0.4515625 0.84609375 0.03125 0.04921875 
2 0.303125 0.865625 0.02265625 0.03984375 
2 0.359375 0.85859375 0.02109375 0.03671875 
2 0.33671875 0.8625 0.03046875 0.03984375 
2 0.38515625 0.85625 0.0328125 0.0390625 
2 0.428125 0.85546875 0.0328125 0.040625 
2 0.6578125 0.8359375 0.0296875 0.03515625 
2 0.5796875 0.9203125 0.27421875 0.159375 
