7 0.7375 0.66796875 0.028125 0.01640625 
2 0.4453125 0.90078125 0.01953125 0.0609375 
2 0.6703125 0.8625 0.0640625 0.06796875 
2 0.83828125 0.83984375 0.0359375 0.0390625 
2 0.6234375 0.84921875 0.0265625 0.02890625 
2 0.67109375 0.90390625 0.0484375 0.08828125 
2 0.1140625 0.940625 0.228125 0.11875 
2 0.40390625 0.9109375 0.08984375 0.12578125 
2 0.8859375 0.90546875 0.228125 0.1890625 
2 0.27578125 0.9140625 0.196875 0.1703125 
2 0.75234375 0.9078125 0.15390625 0.18046875 
2 0.559375 0.92109375 0.2515625 0.15703125 
7 0.640625 0.678125 0.03203125 0.015625 
