2 0.66484375 0.8484375 0.040625 0.040625 
2 0.753125 0.83515625 0.03125 0.05 
0 0.32265625 0.91953125 0.02109375 0.15625 
2 0.72734375 0.85 0.03203125 0.05703125 
1 0.90859375 0.8859375 0.025 0.13203125 
2 0.69921875 0.84921875 0.07109375 0.06484375 
2 0.390625 0.86015625 0.03515625 0.04609375 
2 0.11484375 0.89140625 0.04140625 0.05703125 
2 0.22109375 0.87265625 0.053125 0.0640625 
2 0.77109375 0.83828125 0.06484375 0.0640625 
2 0.9796875 0.815625 0.040625 0.05078125 
2 0.053125 0.88671875 0.1046875 0.07890625 
2 0.5796875 0.9203125 0.27421875 0.159375 
7 0.70390625 0.66171875 0.03125 0.0125 
7 0.76484375 0.65625 0.02890625 0.01875 
