2 0.81171875 0.86015625 0.05390625 0.09453125 
2 0.64453125 0.8484375 0.02734375 0.03359375 
2 0.62578125 0.8484375 0.01796875 0.03203125 
2 0.59921875 0.84765625 0.025 0.03203125 
2 0.528125 0.8609375 0.03203125 0.053125 
2 0.69140625 0.853125 0.04296875 0.05703125 
2 0.565625 0.86953125 0.05390625 0.071875 
2 0.87265625 0.8921875 0.2546875 0.215625 
2 0.746875 0.8703125 0.07734375 0.1109375 
7 0.60703125 0.76484375 0.0140625 0.00703125 
7 0.565625 0.76796875 0.01484375 0.0078125 
7 0.52421875 0.79765625 0.009375 0.0078125 
