2 0.2515625 0.85703125 0.01171875 0.0265625 
2 0.4140625 0.8359375 0.0328125 0.0515625 
2 0.31640625 0.85703125 0.02109375 0.0296875 
2 0.27265625 0.85703125 0.01015625 0.0296875 
2 0.12265625 0.865625 0.0265625 0.0390625 
2 0.19921875 0.86796875 0.02890625 0.03515625 
2 0.3703125 0.85703125 0.01328125 0.03046875 
2 0.2359375 0.86171875 0.03046875 0.0359375 
2 0.35 0.8609375 0.02734375 0.0359375 
2 0.140625 0.8671875 0.04375 0.04140625 
2 0.0734375 0.8765625 0.0734375 0.06484375 
2 0.38984375 0.85546875 0.0375 0.04453125 
2 0.58046875 0.9203125 0.271875 0.159375 
2 0.821875 0.9140625 0.209375 0.16953125 
6 0.765625 0.65703125 0.02734375 0.01875 
6 0.70390625 0.66171875 0.03046875 0.01484375 
