2 0.634375 0.8515625 0.02421875 0.02578125 
2 0.6703125 0.86328125 0.06328125 0.0703125 
7 0.73671875 0.66796875 0.028125 0.01796875 
2 0.83671875 0.83984375 0.0328125 0.0390625 
2 0.67265625 0.903125 0.0484375 0.09140625 
2 0.35625 0.86875 0.03515625 0.0453125 
2 0.11484375 0.94140625 0.22890625 0.11640625 
2 0.40546875 0.9109375 0.090625 0.12890625 
2 0.88671875 0.90625 0.22578125 0.18671875 
2 0.2765625 0.9140625 0.19765625 0.171875 
2 0.753125 0.90703125 0.15390625 0.18203125 
2 0.559375 0.92109375 0.2515625 0.15703125 
7 0.64140625 0.67734375 0.0328125 0.0171875 
