2 0.3703125 0.88125 0.02734375 0.0515625 
2 0.87421875 0.86953125 0.18359375 0.14296875 
6 0.73828125 0.6671875 0.028125 0.01796875 
2 0.83046875 0.878125 0.090625 0.1359375 
2 0.659375 0.8625 0.02734375 0.04140625 
2 0.74765625 0.84765625 0.03515625 0.0546875 
2 0.73203125 0.8671875 0.03828125 0.053125 
2 0.896875 0.921875 0.203125 0.153125 
2 0.11484375 0.940625 0.2296875 0.11875 
2 0.4046875 0.91015625 0.090625 0.128125 
2 0.69140625 0.90703125 0.08203125 0.13359375 
2 0.27578125 0.9140625 0.196875 0.171875 
2 0.559375 0.9203125 0.2453125 0.159375 
6 0.640625 0.6765625 0.03359375 0.01875 
