2 0.99375 0.9265625 0.0125 0.13515625 
6 0.73828125 0.6671875 0.02890625 0.01796875 
2 0.65859375 0.8953125 0.028125 0.05703125 
2 0.68359375 0.840625 0.02265625 0.03984375 
2 0.44609375 0.903125 0.01875 0.06484375 
2 0.80625 0.85 0.05859375 0.059375 
2 0.64921875 0.85859375 0.05390625 0.05390625 
2 0.978125 0.87109375 0.04140625 0.09453125 
2 0.40390625 0.9109375 0.090625 0.128125 
2 0.1140625 0.940625 0.228125 0.11875 
2 0.87734375 0.91015625 0.2421875 0.1796875 
2 0.7296875 0.90703125 0.13203125 0.17421875 
2 0.27578125 0.9140625 0.19609375 0.171875 
2 0.559375 0.921875 0.25 0.15625 
6 0.640625 0.67578125 0.03125 0.0171875 
