4 0.67734375 0.91640625 0.0625 0.121875 
1 0.43984375 0.86796875 0.04375 0.134375 
2 0.884375 0.86953125 0.02265625 0.04140625 
5 0.58515625 0.81796875 0.03125 0.04921875 
2 0.65546875 0.85859375 0.0203125 0.03515625 
2 0.67734375 0.9140625 0.0640625 0.12421875 
2 0.5859375 0.81875 0.03203125 0.0484375 
2 0.95390625 0.9375 0.090625 0.125 
2 0.17578125 0.8515625 0.02265625 0.02578125 
2 0.91484375 0.8609375 0.040625 0.04609375 
2 0.6390625 0.89140625 0.04140625 0.08984375 
2 0.9421875 0.90078125 0.1125 0.128125 
2 0.85 0.88515625 0.07265625 0.1 
2 0.76875 0.925 0.19453125 0.1484375 
