2 0.36953125 0.88125 0.02578125 0.05 
7 0.73671875 0.66796875 0.028125 0.01640625 
2 0.4453125 0.90078125 0.01953125 0.0609375 
2 0.6703125 0.859375 0.06484375 0.0640625 
2 0.8375 0.83984375 0.0375 0.0390625 
2 0.671875 0.903125 0.04765625 0.08984375 
2 0.40390625 0.9109375 0.08828125 0.1265625 
2 0.88671875 0.9046875 0.22578125 0.190625 
2 0.27421875 0.91328125 0.19921875 0.1703125 
2 0.753125 0.9078125 0.15390625 0.18046875 
2 0.559375 0.92109375 0.25 0.15703125 
7 0.64140625 0.67578125 0.0328125 0.01484375 
