2 0.42578125 0.87109375 0.02265625 0.02890625 
2 0.440625 0.86640625 0.02265625 0.0265625 
2 0.4015625 0.87265625 0.01875 0.025 
2 0.8609375 0.83203125 0.025 0.028125 
2 0.71015625 0.8515625 0.01875 0.021875 
2 0.09296875 0.88046875 0.034375 0.034375 
2 0.03828125 0.87109375 0.02734375 0.03203125 
2 0.25078125 0.87890625 0.0375 0.02890625 
2 0.1265625 0.87890625 0.03046875 0.03828125 
2 0.6234375 0.878125 0.05 0.075 
2 0.55234375 0.9265625 0.1140625 0.1390625 
2 0.96953125 0.91484375 0.0609375 0.16328125 
2 0.75546875 0.92265625 0.16015625 0.153125 
