2 0.28984375 0.83203125 0.00859375 0.01953125 
2 0.83828125 0.90625 0.08203125 0.1 
2 0.01953125 0.8734375 0.0390625 0.15625 
3 0.4265625 0.84296875 0.12734375 0.1515625 
2 0.246875 0.83203125 0.01171875 0.025 
2 0.17421875 0.86171875 0.04375 0.103125 
2 0.29765625 0.8359375 0.01640625 0.02578125 
2 0.27734375 0.83515625 0.01640625 0.028125 
5 0.54453125 0.84765625 0.0671875 0.125 
2 0.7546875 0.90390625 0.11796875 0.11015625 
2 0.165625 0.88828125 0.0484375 0.1140625 
2 0.58828125 0.88359375 0.078125 0.08125 
2 0.3703125 0.92578125 0.1265625 0.1484375 
2 0.09296875 0.9109375 0.13125 0.175 
7 0.52578125 0.05703125 0.14453125 0.0984375 
7 0.7859375 0.10390625 0.11953125 0.0890625 
