2 0.32109375 0.8703125 0.06328125 0.071875 
2 0.4453125 0.9015625 0.01953125 0.0609375 
7 0.7375 0.66796875 0.028125 0.01796875 
2 0.6703125 0.86328125 0.065625 0.0703125 
2 0.8375 0.8390625 0.03515625 0.0390625 
2 0.6703125 0.9046875 0.04921875 0.08671875 
2 0.40390625 0.909375 0.08984375 0.12890625 
2 0.8859375 0.90546875 0.228125 0.1890625 
2 0.27421875 0.91328125 0.19921875 0.171875 
2 0.75234375 0.90859375 0.15234375 0.1796875 
2 0.559375 0.92109375 0.25234375 0.15703125 
7 0.640625 0.67734375 0.034375 0.0171875 
