2 0.43359375 0.84375 0.01796875 0.02421875 
0 0.04765625 0.85703125 0.00859375 0.065625 
2 0.984375 0.86953125 0.02890625 0.13125 
0 0.0046875 0.859375 0.00859375 0.05625 
2 0.18984375 0.865625 0.03046875 0.03515625 
2 0.40859375 0.84921875 0.0125 0.03046875 
2 0.2625 0.86328125 0.02109375 0.0359375 
2 0.21796875 0.8765625 0.046875 0.05859375 
2 0.684375 0.8828125 0.03359375 0.09375 
2 0.14140625 0.86796875 0.04296875 0.04296875 
2 0.65625 0.859375 0.0515625 0.0609375 
2 0.38984375 0.85546875 0.03671875 0.04296875 
5 0.8078125 0.834375 0.10546875 0.18046875 
2 0.9578125 0.86640625 0.08203125 0.1296875 
2 0.5828125 0.91953125 0.27421875 0.1609375 
2 0.72578125 0.9046875 0.09765625 0.1390625 
