1 0.4390625 0.8703125 0.04453125 0.13359375 
0 0.29765625 0.85625 0.00859375 0.04140625 
2 0.9515625 0.93984375 0.08828125 0.1203125 
4 0.68125 0.915625 0.07109375 0.128125 
2 0.8171875 0.853125 0.028125 0.03125 
2 0.8828125 0.86875 0.021875 0.0390625 
2 0.1734375 0.846875 0.0203125 0.03359375 
5 0.58515625 0.81796875 0.03125 0.046875 
2 0.18125 0.846875 0.02109375 0.034375 
2 0.5859375 0.81875 0.03203125 0.0484375 
2 0.6828125 0.9125 0.0734375 0.13046875 
2 0.6390625 0.89140625 0.0421875 0.09140625 
2 0.940625 0.90078125 0.11640625 0.13828125 
2 0.85 0.884375 0.071875 0.1 
2 0.7671875 0.925 0.19453125 0.1484375 
