3 0.36875 0.84296875 0.05078125 0.11171875 
2 0.140625 0.85546875 0.02265625 0.03671875 
2 0.41484375 0.86640625 0.02734375 0.0515625 
2 0.25625 0.8578125 0.02890625 0.03203125 
2 0.05625 0.853125 0.028125 0.04296875 
2 0.128125 0.8609375 0.03984375 0.0484375 
2 0.59921875 0.8703125 0.04765625 0.0609375 
2 0.271875 0.8828125 0.04140625 0.0734375 
2 0.44765625 0.87421875 0.05625 0.075 
2 0.5203125 0.90390625 0.08671875 0.140625 
2 0.20078125 0.87734375 0.10546875 0.115625 
2 0.325 0.92265625 0.14140625 0.153125 
7 0.41875 0.7390625 0.01640625 0.01015625 
7 0.37734375 0.7421875 0.01796875 0.009375 
7 0.47890625 0.77265625 0.0125 0.00703125 
7 0.4453125 0.7734375 0.01328125 0.0078125 
