11 0.884375 0.653125 0.03125 0.01875 
2 0.60234375 0.815625 0.02578125 0.046875 
2 0.3421875 0.89453125 0.02109375 0.08515625 
2 0.771875 0.865625 0.03359375 0.0453125 
2 0.79453125 0.86015625 0.021875 0.04296875 
2 0.8375 0.84296875 0.01015625 0.021875 
11 0.95078125 0.64609375 0.0296875 0.01875 
2 0.88828125 0.8453125 0.0125 0.021875 
2 0.80859375 0.85703125 0.0171875 0.0390625 
2 0.16640625 0.88125 0.05390625 0.078125 
2 0.7484375 0.86328125 0.01796875 0.040625 
2 0.63359375 0.8734375 0.01875 0.05078125 
2 0.9015625 0.86640625 0.02421875 0.06015625 
2 0.8203125 0.85234375 0.015625 0.0359375 
2 0.6953125 0.8671875 0.0234375 0.03984375 
2 0.72265625 0.8640625 0.04296875 0.05390625 
2 0.9859375 0.8453125 0.025 0.03515625 
2 0.13515625 0.878125 0.0640625 0.075 
2 0.95078125 0.84296875 0.0203125 0.0390625 
2 0.66015625 0.8703125 0.04921875 0.05546875 
2 0.9296875 0.87421875 0.06328125 0.07890625 
17 0.28515625 0.778125 0.0140625 0.0546875 
