2 0.9640625 0.8375 0.0375 0.03046875 
2 0.76875 0.878125 0.0328125 0.0640625 
2 0.59296875 0.87109375 0.01484375 0.0546875 
2 0.31171875 0.85546875 0.03515625 0.025 
2 0.79609375 0.87890625 0.05390625 0.08359375 
2 0.97734375 0.88515625 0.04453125 0.08515625 
2 0.64609375 0.89609375 0.04296875 0.09453125 
2 0.3546875 0.85625 0.05 0.0390625 
2 0.1359375 0.8390625 0.02265625 0.03359375 
2 0.6109375 0.88359375 0.04921875 0.07421875 
2 0.88359375 0.91953125 0.23203125 0.15859375 
2 0.7 0.92109375 0.12109375 0.1453125 
