2 0.74609375 0.778125 0.021875 0.02890625 
2 0.00859375 0.87109375 0.01640625 0.08359375 
2 0.9921875 0.79609375 0.015625 0.1265625 
2 0.0625 0.81875 0.02890625 0.03359375 
2 0.7234375 0.78046875 0.0390625 0.034375 
2 0.8390625 0.8125 0.034375 0.075 
2 0.875 0.81953125 0.06015625 0.090625 
2 0.9421875 0.828125 0.11328125 0.140625 
7 0.678125 0.19296875 0.0921875 0.0625 
7 0.63671875 0.678125 0.0140625 0.0109375 
17 0.15234375 0.6765625 0.02734375 0.1046875 
17 0.93046875 0.703125 0.0078125 0.03046875 
