2 0.30703125 0.8609375 0.02109375 0.0484375 
4 0.68125 0.91484375 0.07109375 0.12578125 
2 0.88203125 0.8671875 0.021875 0.03984375 
5 0.58515625 0.81875 0.03125 0.046875 
2 0.17890625 0.84609375 0.0234375 0.03359375 
2 0.58515625 0.81875 0.03125 0.0484375 
2 0.68125 0.91328125 0.071875 0.128125 
2 0.94140625 0.90625 0.1171875 0.14921875 
2 0.6390625 0.89140625 0.0421875 0.090625 
2 0.846875 0.88515625 0.075 0.1 
2 0.7671875 0.92578125 0.19453125 0.1484375 
2 0.06328125 0.9171875 0.12578125 0.165625 
2 0.2515625 0.915625 0.13125 0.16640625 
