2 0.79375 0.8484375 0.0109375 0.0234375 
2 0.74140625 0.86171875 0.021875 0.0390625 
2 0.28203125 0.9234375 0.02890625 0.0359375 
2 0.64609375 0.88203125 0.02734375 0.03828125 
2 0.925 0.84140625 0.01875 0.05 
2 0.88359375 0.828125 0.0234375 0.03984375 
2 0.63359375 0.8828125 0.03203125 0.03828125 
2 0.71640625 0.87890625 0.04765625 0.05859375 
2 0.67109375 0.88046875 0.04140625 0.05390625 
2 0.86328125 0.85625 0.025 0.05390625 
2 0.80390625 0.8640625 0.021875 0.05546875 
2 0.76484375 0.87578125 0.04921875 0.06328125 
2 0.55234375 0.89296875 0.04921875 0.05625 
2 0.5296875 0.89375 0.03828125 0.05390625 
2 0.9 0.85390625 0.053125 0.0703125 
2 0.83046875 0.865625 0.0578125 0.06640625 
2 0.325 0.91484375 0.09140625 0.0609375 
2 0.12265625 0.9421875 0.16328125 0.11171875 
17 0.38515625 0.7984375 0.01640625 0.0578125 
17 0.1421875 0.8 0.0140625 0.05625 
