2 0.45390625 0.86875 0.03984375 0.08046875 
2 0.64921875 0.86796875 0.04453125 0.0734375 
2 0.25 0.85078125 0.0390625 0.03515625 
2 0.32890625 0.8515625 0.02734375 0.03984375 
2 0.9265625 0.84921875 0.04921875 0.053125 
2 0.2140625 0.85078125 0.01796875 0.0265625 
2 0.77109375 0.92109375 0.08828125 0.14609375 
2 0.290625 0.87578125 0.090625 0.0890625 
2 0.6984375 0.92109375 0.09296875 0.15 
2 0.95859375 0.909375 0.0828125 0.17890625 
2 0.840625 0.91953125 0.21015625 0.159375 
2 0.06796875 0.9140625 0.13515625 0.13671875 
2 0.5484375 0.91171875 0.25390625 0.17578125 
11 0.83046875 0.6390625 0.03671875 0.0203125 
11 0.734375 0.64453125 0.0359375 0.025 
