2 0.6328125 0.85 0.0234375 0.021875 
2 0.3703125 0.88125 0.02734375 0.0515625 
2 0.4453125 0.9015625 0.01953125 0.0640625 
2 0.5921875 0.83515625 0.03203125 0.028125 
7 0.7375 0.66796875 0.028125 0.01640625 
2 0.6703125 0.86171875 0.06328125 0.06875 
2 0.8375 0.83984375 0.034375 0.0390625 
2 0.67109375 0.903125 0.04921875 0.09296875 
2 0.1140625 0.940625 0.228125 0.11875 
2 0.40390625 0.91015625 0.08828125 0.128125 
2 0.88671875 0.90546875 0.22578125 0.1890625 
2 0.27578125 0.9140625 0.196875 0.171875 
2 0.753125 0.90703125 0.15390625 0.18203125 
2 0.559375 0.91796875 0.25 0.1640625 
7 0.63984375 0.6765625 0.034375 0.02421875 
