4 0.12421875 0.9125 0.0375 0.11953125 
2 0.5828125 0.75859375 0.01171875 0.01640625 
2 0.85703125 0.803125 0.0203125 0.05703125 
2 0.9890625 0.74375 0.01953125 0.02890625 
2 0.63125 0.765625 0.01484375 0.021875 
2 0.07734375 0.81796875 0.03828125 0.04296875 
2 0.0578125 0.81796875 0.02734375 0.0390625 
2 0.615625 0.76796875 0.0140625 0.0265625 
2 0.68515625 0.78125 0.02734375 0.034375 
2 0.7109375 0.7890625 0.0296875 0.040625 
2 0.8390625 0.80859375 0.05 0.0703125 
7 0.6375 0.36015625 0.05625 0.03828125 
7 0.88984375 0.353125 0.0546875 0.0265625 
