1 0.4390625 0.86953125 0.0453125 0.13203125 
2 0.3125 0.87109375 0.01015625 0.06640625 
5 0.58515625 0.81875 0.03125 0.046875 
2 0.18203125 0.846875 0.01875 0.03359375 
2 0.88203125 0.86875 0.021875 0.04140625 
2 0.03046875 0.87734375 0.059375 0.14921875 
2 0.58515625 0.81875 0.03125 0.0484375 
2 0.08828125 0.8453125 0.0265625 0.04609375 
2 0.17109375 0.8484375 0.02109375 0.03203125 
2 0.68125 0.91328125 0.06953125 0.128125 
2 0.21484375 0.859375 0.03828125 0.040625 
2 0.94140625 0.91953125 0.11640625 0.14375 
2 0.08515625 0.92265625 0.04609375 0.146875 
2 0.6390625 0.89140625 0.0421875 0.09140625 
2 0.2453125 0.86640625 0.0296875 0.0484375 
2 0.8484375 0.88515625 0.071875 0.1 
2 0.27734375 0.89453125 0.078125 0.09609375 
2 0.7671875 0.92578125 0.19453125 0.1484375 
