2 0.48203125 0.86015625 0.00859375 0.021875 
2 0.22734375 0.86484375 0.16015625 0.2296875 
2 0.6453125 0.8515625 0.04296875 0.0890625 
2 0.98125 0.84140625 0.0375 0.20703125 
4 0.36953125 0.89453125 0.02578125 0.053125 
5 0.978125 0.83203125 0.04375 0.23203125 
2 0.36875 0.89375 0.0265625 0.05390625 
2 0.38671875 0.86875 0.01328125 0.021875 
2 0.44296875 0.8640625 0.01875 0.0203125 
2 0.615625 0.85546875 0.01484375 0.03359375 
5 0.22734375 0.86328125 0.16171875 0.234375 
2 0.0203125 0.90390625 0.03984375 0.19140625 
2 0.33203125 0.8984375 0.053125 0.078125 
2 0.09453125 0.9296875 0.13359375 0.140625 
