0 0.24765625 0.85625 0.0078125 0.04609375 
1 0.4390625 0.86875 0.0453125 0.13359375 
2 0.8171875 0.8515625 0.03046875 0.03046875 
2 0.88515625 0.86953125 0.0234375 0.0390625 
5 0.58515625 0.81875 0.03125 0.0484375 
2 0.5859375 0.81875 0.03203125 0.05 
2 0.9546875 0.9375 0.090625 0.125 
2 0.17578125 0.85078125 0.02265625 0.028125 
2 0.91484375 0.86171875 0.040625 0.04609375 
2 0.6390625 0.89140625 0.040625 0.08984375 
2 0.9421875 0.90078125 0.1125 0.128125 
2 0.85 0.88515625 0.071875 0.1 
2 0.76875 0.925 0.19140625 0.1484375 
