2 0.21328125 0.865625 0.01953125 0.025 
2 0.36953125 0.84453125 0.03046875 0.01875 
2 0.709375 0.87578125 0.046875 0.075 
2 0.59140625 0.86640625 0.02734375 0.06875 
2 0.6078125 0.84921875 0.0203125 0.0390625 
2 0.6171875 0.86640625 0.021875 0.06171875 
2 0.44375 0.88125 0.0390625 0.103125 
2 0.796875 0.91953125 0.196875 0.15859375 
7 0.42265625 0.70234375 0.01875 0.01484375 
2 0.46171875 0.865625 0.025 0.05859375 
2 0.64609375 0.88671875 0.071875 0.10703125 
2 0.41328125 0.89609375 0.06328125 0.13046875 
2 0.096875 0.93203125 0.18515625 0.1359375 
2 0.16875 0.91796875 0.1328125 0.1546875 
2 0.53203125 0.91015625 0.15625 0.171875 
2 0.25546875 0.90546875 0.08046875 0.11484375 
2 0.346875 0.921875 0.14765625 0.1515625 
