2 0.87890625 0.80234375 0.009375 0.03046875 
2 0.584375 0.81796875 0.01875 0.025 
3 0.37578125 0.89140625 0.11953125 0.15859375 
2 0.47734375 0.834375 0.015625 0.03046875 
7 0.15234375 0.38828125 0.03359375 0.028125 
2 0.43984375 0.8421875 0.0375 0.034375 
7 0.58984375 0.6046875 0.0296875 0.021875 
2 0.65078125 0.8765625 0.05625 0.1140625 
2 0.4890625 0.84609375 0.0234375 0.03984375 
7 0.49765625 0.61484375 0.03203125 0.021875 
2 0.74296875 0.8796875 0.17578125 0.2390625 
2 0.15234375 0.92421875 0.3015625 0.1515625 
2 0.5359375 0.909375 0.14921875 0.1765625 
7 0.490625 0.73515625 0.0171875 0.01015625 
