2 0.65078125 0.84296875 0.02109375 0.03359375 
6 0.41015625 0.6359375 0.03515625 0.01640625 
2 0.53671875 0.853125 0.01875 0.03515625 
2 0.459375 0.87421875 0.04140625 0.05546875 
2 0.33359375 0.86640625 0.034375 0.03984375 
2 0.55 0.86328125 0.02265625 0.040625 
2 0.415625 0.8625 0.0265625 0.034375 
6 0.48359375 0.634375 0.0359375 0.0171875 
2 0.23515625 0.88359375 0.03984375 0.059375 
2 0.10234375 0.90703125 0.20390625 0.18515625 
2 0.38359375 0.9 0.078125 0.1 
2 0.503125 0.89453125 0.06796875 0.1 
15 0.765625 0.6234375 0.03828125 0.01875 
