7 0.19375 0.43515625 0.03046875 0.028125 
2 0.79921875 0.809375 0.01640625 0.028125 
2 0.73515625 0.81484375 0.015625 0.028125 
2 0.47734375 0.82734375 0.01875 0.02890625 
2 0.44765625 0.85859375 0.059375 0.071875 
7 0.5015625 0.684375 0.01953125 0.015625 
5 0.4453125 0.85546875 0.05859375 0.0796875 
2 0.58125 0.82890625 0.01953125 0.03046875 
2 0.509375 0.8265625 0.03359375 0.03984375 
7 0.56328125 0.678125 0.01953125 0.01640625 
2 0.40625 0.83984375 0.01953125 0.028125 
2 0.82890625 0.8109375 0.04375 0.06015625 
2 0.33984375 0.840625 0.0625 0.05 
2 0.65546875 0.84296875 0.040625 0.05546875 
2 0.61484375 0.85625 0.05390625 0.096875 
2 0.1265625 0.88046875 0.109375 0.0796875 
2 0.5515625 0.91796875 0.14921875 0.16171875 
