2 0.5796875 0.84921875 0.01171875 0.025 
2 0.371875 0.859375 0.01953125 0.034375 
2 0.30234375 0.86484375 0.01953125 0.03671875 
2 0.23671875 0.86328125 0.02421875 0.02578125 
2 0.53671875 0.84375 0.015625 0.02421875 
2 0.0359375 0.81953125 0.01796875 0.01875 
2 0.3125 0.865625 0.0296875 0.0359375 
2 0.3375 0.85703125 0.02265625 0.0390625 
2 0.51171875 0.85546875 0.02109375 0.03125 
2 0.203125 0.86953125 0.040625 0.046875 
2 0.121875 0.8765625 0.07265625 0.06875 
2 0.56640625 0.86953125 0.03984375 0.05625 
2 0.40703125 0.87890625 0.05703125 0.065625 
