2 0.95390625 0.83515625 0.0234375 0.04453125 
5 0.49609375 0.8984375 0.090625 0.1453125 
5 0.0234375 0.9484375 0.04609375 0.103125 
2 0.0234375 0.94765625 0.046875 0.1015625 
2 0.06875 0.97421875 0.05078125 0.05 
4 0.859375 0.89375 0.028125 0.0796875 
2 0.89609375 0.85390625 0.0421875 0.07890625 
5 0.08203125 0.9109375 0.1015625 0.17421875 
2 0.83671875 0.86171875 0.046875 0.046875 
2 0.984375 0.82890625 0.025 0.03125 
2 0.93984375 0.8390625 0.0375 0.0484375 
2 0.80390625 0.8640625 0.03515625 0.04375 
2 0.18984375 0.90390625 0.06640625 0.06171875 
