1 0.73828125 0.803125 0.0453125 0.06484375 
2 0.90546875 0.77890625 0.021875 0.03125 
2 0.76796875 0.809375 0.0265625 0.04453125 
7 0.528125 0.74453125 0.01328125 0.01328125 
2 0.7390625 0.803125 0.046875 0.0640625 
5 0.7390625 0.803125 0.04609375 0.0640625 
2 0.153125 0.83203125 0.01796875 0.028125 
2 0.47890625 0.85 0.01953125 0.03515625 
2 0.92109375 0.79140625 0.0484375 0.05625 
2 0.5453125 0.83515625 0.08203125 0.06328125 
2 0.4953125 0.84609375 0.0234375 0.034375 
2 0.1171875 0.85703125 0.1375 0.2859375 
2 0.42890625 0.8609375 0.040625 0.0640625 
2 0.36953125 0.903125 0.08828125 0.1796875 
2 0.64609375 0.834375 0.05625 0.05859375 
2 0.94375 0.79140625 0.05859375 0.05703125 
2 0.5203125 0.9265625 0.2796875 0.14453125 
2 0.25234375 0.9125 0.2015625 0.175 
