2 0.75 0.81640625 0.03125 0.05546875 
2 0.99453125 0.79375 0.009375 0.08359375 
2 0.73125 0.80859375 0.0328125 0.05703125 
2 0.11953125 0.85625 0.13671875 0.28671875 
7 0.528125 0.74453125 0.01484375 0.01328125 
2 0.54609375 0.834375 0.078125 0.0640625 
2 0.4703125 0.85390625 0.0359375 0.03359375 
2 0.903125 0.79296875 0.034375 0.0515625 
2 0.42890625 0.859375 0.040625 0.06328125 
2 0.8171875 0.81875 0.028125 0.04140625 
2 0.97890625 0.77890625 0.0359375 0.05546875 
2 0.371875 0.9 0.0890625 0.178125 
2 0.5984375 0.84375 0.05078125 0.0609375 
2 0.9359375 0.790625 0.059375 0.053125 
2 0.78046875 0.81875 0.07890625 0.06328125 
2 0.51875 0.921875 0.27890625 0.15546875 
2 0.25234375 0.9125 0.2015625 0.175 
