2 0.76484375 0.840625 0.053125 0.05 
2 0.3390625 0.853125 0.03671875 0.04375 
2 0.99140625 0.815625 0.0171875 0.071875 
2 0.5375 0.8390625 0.02734375 0.028125 
2 0.2421875 0.8640625 0.03671875 0.05 
2 0.7875 0.84140625 0.03671875 0.04453125 
2 0.27578125 0.86484375 0.04375 0.04453125 
2 0.11015625 0.8734375 0.04375 0.04140625 
7 0.5640625 0.64765625 0.02578125 0.01953125 
2 0.20625 0.8671875 0.04140625 0.046875 
2 0.9453125 0.83125 0.10703125 0.08984375 
2 0.525 0.86171875 0.04609375 0.0640625 
2 0.66875 0.8484375 0.03359375 0.0359375 
2 0.42265625 0.88359375 0.1890625 0.13359375 
