2 0.39609375 0.85234375 0.03828125 0.04140625 
2 0.25625 0.8609375 0.01484375 0.0265625 
2 0.0078125 0.8734375 0.015625 0.0546875 
2 0.31875 0.85390625 0.02890625 0.03203125 
2 0.36328125 0.85078125 0.02109375 0.0265625 
2 0.175 0.8640625 0.0359375 0.04296875 
7 0.5640625 0.646875 0.02578125 0.0203125 
2 0.91171875 0.85078125 0.175 0.13125 
2 0.2203125 0.86875 0.04609375 0.04453125 
2 0.278125 0.85859375 0.0328125 0.0484375 
2 0.53515625 0.88046875 0.14296875 0.09453125 
2 0.0390625 0.8734375 0.075 0.071875 
