2 0.40390625 0.8796875 0.01171875 0.04453125 
6 0.35234375 0.7359375 0.01484375 0.01328125 
2 0.54609375 0.85859375 0.02109375 0.02421875 
2 0.6546875 0.84921875 0.02578125 0.03125 
2 0.28515625 0.87265625 0.02890625 0.0265625 
6 0.3953125 0.7375 0.0140625 0.0140625 
2 0.24921875 0.86796875 0.02421875 0.04609375 
2 0.49921875 0.8625 0.015625 0.025 
2 0.3546875 0.85703125 0.02578125 0.03046875 
2 0.3828125 0.87109375 0.02578125 0.03515625 
2 0.41875 0.88046875 0.03515625 0.06796875 
2 0.459375 0.9 0.07109375 0.09453125 
2 0.3390625 0.89921875 0.0671875 0.09140625 
2 0.15 0.9078125 0.290625 0.184375 
