2 0.7 0.83359375 0.01953125 0.03125 
2 0.415625 0.80859375 0.01328125 0.0203125 
2 0.40078125 0.80703125 0.0203125 0.021875 
2 0.5203125 0.81328125 0.015625 0.0359375 
2 0.4859375 0.7984375 0.01484375 0.03203125 
2 0.371875 0.81953125 0.02421875 0.05 
2 0.50234375 0.8109375 0.015625 0.028125 
2 0.46875 0.80546875 0.01484375 0.02578125 
2 0.53359375 0.8234375 0.03125 0.046875 
2 0.3390625 0.83203125 0.04453125 0.1015625 
2 0.8890625 0.88125 0.215625 0.165625 
2 0.4453125 0.834375 0.04140625 0.06875 
2 0.26171875 0.871875 0.084375 0.11484375 
2 0.31328125 0.86171875 0.05 0.090625 
2 0.5953125 0.8484375 0.0609375 0.071875 
2 0.39453125 0.87109375 0.084375 0.11328125 
2 0.1453125 0.9125 0.17265625 0.16796875 
