2 0.44375 0.85546875 0.01484375 0.01875 
2 0.303125 0.86796875 0.02421875 0.03125 
2 0.334375 0.86796875 0.03046875 0.034375 
2 0.28125 0.86875 0.02890625 0.040625 
2 0.19765625 0.8859375 0.0265625 0.0453125 
2 0.5578125 0.85859375 0.015625 0.03203125 
2 0.15078125 0.85859375 0.03515625 0.0453125 
2 0.36484375 0.86171875 0.02421875 0.025 
2 0.56640625 0.8625 0.021875 0.03984375 
2 0.25078125 0.87265625 0.03671875 0.03984375 
2 0.74140625 0.85703125 0.01484375 0.03359375 
2 0.62421875 0.8625 0.03203125 0.046875 
2 0.39296875 0.859375 0.02421875 0.028125 
2 0.465625 0.86875 0.0359375 0.0484375 
2 0.77421875 0.859375 0.059375 0.078125 
2 0.58828125 0.87578125 0.04296875 0.05859375 
2 0.68671875 0.9015625 0.12109375 0.165625 
2 0.51640625 0.89296875 0.071875 0.1109375 
2 0.4234375 0.890625 0.06640625 0.0859375 
2 0.12734375 0.92265625 0.25390625 0.1546875 
16 0.33359375 0.6984375 0.0140625 0.0625 
