2 0.68984375 0.76875 0.121875 0.121875 
2 0.88515625 0.7609375 0.0375 0.040625 
7 0.45 0.62890625 0.0203125 0.015625 
7 0.5046875 0.62578125 0.01796875 0.01484375 
2 0.79453125 0.76640625 0.03203125 0.0484375 
2 0.72890625 0.77890625 0.06015625 0.096875 
2 0.74609375 0.77109375 0.04375 0.08359375 
2 0.91875 0.75546875 0.03125 0.04140625 
5 0.6890625 0.76953125 0.11953125 0.121875 
2 0.9625 0.759375 0.075 0.084375 
2 0.8578125 0.88515625 0.28203125 0.2296875 
2 0.2203125 0.86796875 0.2734375 0.2609375 
2 0.4859375 0.9015625 0.19609375 0.18828125 
