5 0.915625 0.77890625 0.03984375 0.0546875 
2 0.9140625 0.78046875 0.03671875 0.05 
5 0.7328125 0.80703125 0.03515625 0.059375 
7 0.528125 0.74453125 0.01484375 0.01328125 
2 0.42890625 0.86015625 0.040625 0.0609375 
2 0.11953125 0.85703125 0.134375 0.284375 
2 0.73203125 0.80703125 0.03515625 0.059375 
2 0.853125 0.80078125 0.03359375 0.05703125 
2 0.76484375 0.8109375 0.0484375 0.05390625 
2 0.54609375 0.8359375 0.0796875 0.0640625 
2 0.36875 0.903125 0.0890625 0.17890625 
2 0.94921875 0.784375 0.0375 0.04375 
2 0.81953125 0.80703125 0.05859375 0.06015625 
2 0.8859375 0.79765625 0.040625 0.04375 
2 0.65078125 0.83359375 0.04765625 0.05859375 
2 0.97734375 0.78046875 0.04453125 0.05390625 
2 0.51875 0.92421875 0.28125 0.15 
2 0.2515625 0.9125 0.2 0.175 
