2 0.684375 0.86953125 0.0265625 0.04609375 
2 0.61796875 0.865625 0.028125 0.06484375 
2 0.59140625 0.86171875 0.025 0.06015625 
2 0.60859375 0.84921875 0.02109375 0.0390625 
7 0.421875 0.703125 0.01875 0.01484375 
2 0.44296875 0.88203125 0.03828125 0.1046875 
2 0.46171875 0.86640625 0.025 0.05859375 
2 0.64765625 0.884375 0.07421875 0.09453125 
2 0.4125 0.89609375 0.06484375 0.13046875 
2 0.7234375 0.87578125 0.07421875 0.08125 
2 0.0984375 0.93046875 0.17734375 0.134375 
2 0.53203125 0.909375 0.15625 0.17421875 
2 0.346875 0.92265625 0.14765625 0.15078125 
2 0.2484375 0.90625 0.09296875 0.115625 
