2 0.42421875 0.90390625 0.05234375 0.09609375 
2 0.33515625 0.85390625 0.034375 0.04140625 
2 0.09140625 0.8859375 0.03046875 0.046875 
2 0.934375 0.825 0.03359375 0.04296875 
2 0.453125 0.88203125 0.03203125 0.04609375 
2 0.7234375 0.84921875 0.0484375 0.04609375 
7 0.5640625 0.646875 0.0265625 0.0203125 
2 0.509375 0.85703125 0.0640625 0.0703125 
2 0.20703125 0.86640625 0.04453125 0.0484375 
2 0.11484375 0.8734375 0.03515625 0.0390625 
2 0.97421875 0.81328125 0.05078125 0.10703125 
2 0.59296875 0.84921875 0.025 0.03125 
2 0.04765625 0.878125 0.0953125 0.09375 
2 0.34921875 0.90234375 0.20234375 0.11171875 
