2 0.11328125 0.84375 0.05234375 0.05390625 
2 0.53203125 0.84140625 0.03515625 0.04609375 
2 0.67109375 0.8140625 0.01953125 0.03671875 
2 0.35859375 0.859375 0.021875 0.0296875 
2 0.584375 0.83359375 0.03515625 0.04140625 
2 0.475 0.8484375 0.04453125 0.03984375 
2 0.3359375 0.859375 0.0453125 0.0359375 
2 0.16015625 0.95390625 0.05390625 0.08828125 
2 0.5203125 0.86640625 0.05546875 0.071875 
2 0.0359375 0.91015625 0.071875 0.1328125 
2 0.6265625 0.84921875 0.053125 0.0796875 
2 0.425 0.88359375 0.06640625 0.09296875 
7 0.53125 0.76796875 0.0140625 0.00859375 
7 0.5046875 0.76953125 0.01484375 0.0078125 
