2 0.615625 0.740625 0.01484375 0.0234375 
7 0.4953125 0.59765625 0.0328125 0.01484375 
2 0.84765625 0.30390625 0.0078125 0.028125 
2 0.52578125 0.746875 0.0125 0.0203125 
2 0.76015625 0.76953125 0.02578125 0.05390625 
2 0.63671875 0.7359375 0.01640625 0.028125 
2 0.77265625 0.778125 0.01640625 0.040625 
7 0.55078125 0.5921875 0.01875 0.015625 
2 0.73203125 0.76796875 0.03984375 0.06171875 
2 0.58515625 0.77421875 0.0234375 0.04375 
2 0.4734375 0.7703125 0.03203125 0.040625 
2 0.5984375 0.79609375 0.04296875 0.05546875 
2 0.38046875 0.846875 0.10546875 0.0765625 
