7 0.528125 0.74453125 0.01328125 0.01328125 
1 0.7390625 0.8015625 0.046875 0.06640625 
5 0.73984375 0.803125 0.046875 0.06484375 
2 0.42890625 0.8625 0.03984375 0.06015625 
2 0.73984375 0.803125 0.04765625 0.06484375 
2 0.1203125 0.85703125 0.1328125 0.284375 
2 0.90625 0.78828125 0.02734375 0.05078125 
2 0.3640625 0.9015625 0.09609375 0.18359375 
2 0.546875 0.8359375 0.07734375 0.065625 
2 0.93671875 0.78828125 0.0640625 0.05390625 
2 0.97265625 0.78359375 0.025 0.0390625 
2 0.51875 0.92578125 0.27890625 0.146875 
2 0.253125 0.9125 0.2 0.175 
