2 0.76484375 0.79375 0.01953125 0.03046875 
2 0.42421875 0.80546875 0.01328125 0.02578125 
2 0.3421875 0.81796875 0.04765625 0.065625 
2 0.4140625 0.81171875 0.01328125 0.025 
2 0.52578125 0.8109375 0.0390625 0.05703125 
2 0.80703125 0.78515625 0.0328125 0.05 
7 0.45 0.640625 0.02109375 0.01640625 
7 0.50546875 0.6375 0.01640625 0.015625 
2 0.571875 0.8234375 0.11484375 0.096875 
2 0.78125 0.7890625 0.0328125 0.03984375 
2 0.90859375 0.8890625 0.18125 0.221875 
2 0.44375 0.81953125 0.02421875 0.03046875 
2 0.30234375 0.83359375 0.11484375 0.11875 
2 0.68203125 0.8140625 0.13125 0.10390625 
2 0.47734375 0.9109375 0.26015625 0.178125 
2 0.16171875 0.87109375 0.32265625 0.25390625 
