2 0.4 0.8515625 0.01796875 0.0234375 
2 0.5984375 0.84375 0.01328125 0.02421875 
2 0.484375 0.85 0.0125 0.03359375 
2 0.54765625 0.85 0.0125 0.0296875 
2 0.4515625 0.84453125 0.0109375 0.0203125 
2 0.37265625 0.85703125 0.02265625 0.0265625 
2 0.09921875 0.8640625 0.02578125 0.04609375 
2 0.015625 0.87265625 0.03046875 0.06171875 
2 0.31484375 0.86953125 0.05078125 0.05703125 
2 0.00625 0.88125 0.0125 0.078125 
2 0.5609375 0.84765625 0.02421875 0.03203125 
2 0.34296875 0.8546875 0.0203125 0.03125 
2 0.58046875 0.865625 0.0375 0.05703125 
2 0.17734375 0.87421875 0.04609375 0.053125 
2 0.46875 0.85859375 0.03671875 0.04609375 
2 0.0578125 0.8796875 0.071875 0.07421875 
2 0.12734375 0.878125 0.05625 0.059375 
2 0.83203125 0.87109375 0.090625 0.090625 
2 0.4296875 0.88046875 0.06015625 0.07890625 
2 0.51953125 0.88359375 0.06796875 0.10703125 
2 0.65859375 0.903125 0.1484375 0.19296875 
2 0.25703125 0.925 0.2109375 0.15 
