2 0.79609375 0.75078125 0.01875 0.04453125 
2 0.74140625 0.7984375 0.13203125 0.13984375 
2 0.4453125 0.825 0.03671875 0.03515625 
2 0.40703125 0.82109375 0.06328125 0.0734375 
7 0.45 0.640625 0.0203125 0.01640625 
2 0.37578125 0.840625 0.04375 0.06015625 
2 0.59296875 0.825 0.0375 0.04296875 
7 0.50625 0.63828125 0.01640625 0.01640625 
2 0.8703125 0.77890625 0.06328125 0.11171875 
2 0.49140625 0.815625 0.05078125 0.0390625 
2 0.90859375 0.87265625 0.1828125 0.2546875 
2 0.3265625 0.84296875 0.109375 0.10390625 
2 0.47265625 0.9125 0.2578125 0.175 
2 0.16328125 0.87109375 0.32578125 0.25390625 
