2 0.771875 0.7765625 0.0171875 0.03984375 
2 0.46953125 0.75078125 0.04609375 0.0609375 
2 0.84765625 0.303125 0.009375 0.0265625 
2 0.76015625 0.76953125 0.028125 0.053125 
2 0.46015625 0.76796875 0.02109375 0.03125 
2 0.7328125 0.7671875 0.03828125 0.06171875 
2 0.62109375 0.75390625 0.0203125 0.03359375 
2 0.52109375 0.7515625 0.02734375 0.0234375 
2 0.578125 0.7640625 0.02265625 0.03046875 
2 0.40390625 0.79921875 0.04765625 0.06171875 
7 0.49375 0.596875 0.028125 0.01328125 
15 0.55546875 0.58984375 0.03046875 0.0125 
