2 0.01328125 0.953125 0.0265625 0.09375 
7 0.1203125 0.72109375 0.02265625 0.015625 
5 0.99296875 0.815625 0.0140625 0.09453125 
2 0.04765625 0.97578125 0.06484375 0.0484375 
7 0.0546875 0.71484375 0.02265625 0.01875 
2 0.9828125 0.83046875 0.015625 0.04609375 
2 0.9921875 0.8265625 0.015625 0.06953125 
2 0.93671875 0.846875 0.0328125 0.04609375 
2 0.96171875 0.84140625 0.0328125 0.04609375 
5 0.06328125 0.90703125 0.11796875 0.18359375 
2 0.140625 0.89609375 0.04140625 0.06015625 
2 0.9109375 0.8484375 0.040625 0.05 
