7 0.4953125 0.6734375 0.01953125 0.015625 
2 0.4171875 0.86796875 0.03828125 0.07890625 
2 0.51171875 0.81953125 0.021875 0.028125 
2 0.39375 0.84609375 0.01640625 0.0234375 
2 0.821875 0.80859375 0.028125 0.03359375 
2 0.953125 0.79296875 0.078125 0.08828125 
2 0.86484375 0.80546875 0.0515625 0.06484375 
2 0.18046875 0.8625 0.02265625 0.0265625 
7 0.56328125 0.66796875 0.0203125 0.01640625 
2 0.15703125 0.859375 0.05546875 0.0390625 
2 0.66640625 0.84609375 0.0359375 0.06015625 
2 0.6265625 0.865625 0.06796875 0.11953125 
2 0.02109375 0.8984375 0.0421875 0.09375 
2 0.540625 0.91796875 0.14609375 0.16171875 
