5 0.990625 0.75546875 0.01875 0.19609375 
3 0.98984375 0.74375 0.0203125 0.175 
2 0.1515625 0.84765625 0.02421875 0.03046875 
2 0.25078125 0.8515625 0.01875 0.05546875 
2 0.0703125 0.88203125 0.040625 0.0859375 
2 0.2703125 0.85625 0.0484375 0.06875 
0 0.09375 0.89921875 0.02109375 0.14140625 
2 0.125 0.8796875 0.05234375 0.0890625 
2 0.75703125 0.784375 0.03125 0.0640625 
2 0.82421875 0.778125 0.025 0.03125 
2 0.31171875 0.8625 0.06640625 0.07109375 
2 0.1859375 0.88125 0.0984375 0.09921875 
16 0.71484375 0.62578125 0.021875 0.11328125 
