5 0.7375 0.80546875 0.04453125 0.06171875 
1 0.73828125 0.80234375 0.04375 0.065625 
2 0.7390625 0.803125 0.04453125 0.0640625 
2 0.54453125 0.83671875 0.0765625 0.059375 
2 0.11953125 0.85703125 0.1375 0.2859375 
2 0.90703125 0.790625 0.03125 0.05 
2 0.453125 0.85859375 0.0546875 0.05625 
2 0.971875 0.77890625 0.02734375 0.04921875 
2 0.93828125 0.78828125 0.0640625 0.05546875 
2 0.36953125 0.88984375 0.10703125 0.1609375 
2 0.5203125 0.92421875 0.278125 0.1515625 
2 0.259375 0.91171875 0.2046875 0.171875 
6 0.5296875 0.74609375 0.01796875 0.00859375 
