2 0.28203125 0.8203125 0.034375 0.03359375 
2 0.75703125 0.771875 0.03671875 0.06640625 
2 0.828125 0.78671875 0.02109375 0.03203125 
2 0.69609375 0.77890625 0.103125 0.071875 
2 0.771875 0.79296875 0.02734375 0.03359375 
2 0.43359375 0.8140625 0.021875 0.03125 
7 0.45 0.64140625 0.02109375 0.015625 
2 0.4078125 0.8140625 0.03203125 0.040625 
7 0.50625 0.63671875 0.01640625 0.01484375 
2 0.5515625 0.8296875 0.13203125 0.1109375 
2 0.7921875 0.784375 0.03046875 0.046875 
2 0.47734375 0.9078125 0.259375 0.184375 
2 0.91015625 0.87890625 0.1796875 0.24140625 
2 0.15390625 0.87109375 0.3078125 0.25546875 
