2 0.00859375 0.890625 0.015625 0.078125 
2 0.4796875 0.85390625 0.01328125 0.02578125 
2 0.4390625 0.85625 0.0171875 0.025 
2 0.56796875 0.859375 0.015625 0.034375 
2 0.2046875 0.8765625 0.03671875 0.0390625 
2 0.54453125 0.85546875 0.0125 0.02890625 
2 0.2765625 0.87109375 0.02265625 0.03359375 
2 0.0234375 0.86171875 0.046875 0.0609375 
2 0.24453125 0.875 0.03671875 0.04609375 
2 0.39140625 0.85859375 0.015625 0.02421875 
2 0.30078125 0.86953125 0.02578125 0.03515625 
2 0.621875 0.86171875 0.0328125 0.05 
2 0.34140625 0.86640625 0.02421875 0.0265625 
2 0.5546875 0.859375 0.01875 0.03828125 
2 0.46328125 0.8671875 0.034375 0.05078125 
2 0.36796875 0.86328125 0.0265625 0.03046875 
2 0.7671875 0.86796875 0.046875 0.0640625 
2 0.58359375 0.87421875 0.04296875 0.059375 
2 0.5125 0.8921875 0.07109375 0.10859375 
2 0.68671875 0.90390625 0.12578125 0.178125 
2 0.821875 0.859375 0.075 0.09375 
2 0.14296875 0.9265625 0.28515625 0.14609375 
2 0.421875 0.89140625 0.06484375 0.0859375 
16 0.26171875 0.64453125 0.02109375 0.08046875 
