2 0.22578125 0.890625 0.053125 0.06953125 
6 0.434375 0.70078125 0.028125 0.015625 
2 0.56484375 0.85703125 0.01328125 0.025 
2 0.4171875 0.8765625 0.01953125 0.03984375 
2 0.54375 0.85859375 0.02109375 0.03515625 
2 0.43984375 0.884375 0.02578125 0.06640625 
2 0.3953125 0.88359375 0.03046875 0.053125 
2 0.275 0.87734375 0.03515625 0.03984375 
2 0.11484375 0.89921875 0.22890625 0.20078125 
2 0.465625 0.89921875 0.0671875 0.0953125 
2 0.346875 0.90078125 0.07265625 0.09453125 
6 0.3796875 0.7 0.0265625 0.01328125 
15 0.6421875 0.69609375 0.02734375 0.01484375 
