2 0.8234375 0.81484375 0.0375 0.04453125 
7 0.528125 0.74453125 0.01328125 0.01328125 
2 0.87421875 0.80546875 0.021875 0.03125 
2 0.11953125 0.85703125 0.13515625 0.2859375 
2 0.7375 0.80546875 0.04609375 0.059375 
5 0.73828125 0.80546875 0.04375 0.0609375 
2 0.90625 0.78984375 0.02890625 0.05 
2 0.42890625 0.859375 0.040625 0.06328125 
2 0.54609375 0.8359375 0.078125 0.0640625 
2 0.36953125 0.903125 0.08671875 0.18046875 
2 0.92421875 0.79296875 0.0453125 0.05078125 
2 0.45234375 0.8453125 0.02890625 0.05 
5 0.97109375 0.7703125 0.05625 0.09609375 
2 0.79765625 0.8171875 0.075 0.05078125 
2 0.51953125 0.925 0.28046875 0.1484375 
2 0.253125 0.9125 0.2 0.175 
