2 0.7265625 0.8703125 0.0171875 0.05546875 
5 0.26953125 0.84609375 0.04453125 0.05859375 
2 0.52109375 0.83359375 0.01328125 0.01875 
2 0.496875 0.828125 0.01484375 0.0265625 
2 0.21875 0.8390625 0.02109375 0.03828125 
2 0.1953125 0.84140625 0.04140625 0.03515625 
2 0.44765625 0.8515625 0.021875 0.04453125 
2 0.48125 0.8390625 0.02109375 0.040625 
2 0.61015625 0.86484375 0.02734375 0.071875 
2 0.43125 0.83671875 0.0203125 0.02578125 
2 0.5921875 0.85546875 0.02421875 0.05078125 
2 0.26796875 0.846875 0.04375 0.05859375 
2 0.13515625 0.8390625 0.05390625 0.05703125 
2 0.6296875 0.87421875 0.04296875 0.08984375 
2 0.39375 0.859375 0.04296875 0.05546875 
2 0.4640625 0.85859375 0.04453125 0.05703125 
2 0.528125 0.85546875 0.03515625 0.05078125 
2 0.6859375 0.88046875 0.0953125 0.13125 
2 0.34140625 0.8890625 0.10625 0.11640625 
2 0.828125 0.9125 0.2125 0.175 
