2 0.3 0.8390625 0.01953125 0.0265625 
2 0.47578125 0.8265625 0.05234375 0.065625 
2 0.27265625 0.8390625 0.01796875 0.0265625 
2 0.25390625 0.83828125 0.0171875 0.028125 
2 0.36640625 0.834375 0.01171875 0.0203125 
2 0.41484375 0.8390625 0.021875 0.02421875 
2 0.23515625 0.84140625 0.01484375 0.025 
2 0.309375 0.85390625 0.03203125 0.04453125 
2 0.0484375 0.85078125 0.0390625 0.04609375 
2 0.3390625 0.865625 0.04609375 0.05859375 
2 0.03125 0.90546875 0.0625 0.1796875 
2 0.4328125 0.9 0.05390625 0.121875 
2 0.48515625 0.92578125 0.15 0.14453125 
