5 0.75546875 0.77109375 0.0390625 0.0734375 
2 0.7546875 0.7734375 0.03828125 0.06796875 
5 0.39921875 0.796875 0.06015625 0.075 
2 0.28515625 0.89609375 0.08203125 0.20703125 
2 0.353125 0.79921875 0.04765625 0.071875 
2 0.59375 0.809375 0.02734375 0.03046875 
2 0.64921875 0.7984375 0.04765625 0.040625 
5 0.35390625 0.79765625 0.04765625 0.06796875 
2 0.77109375 0.79140625 0.02578125 0.03515625 
2 0.9890625 0.76640625 0.021875 0.0390625 
2 0.62890625 0.803125 0.02421875 0.03125 
7 0.45 0.64140625 0.02109375 0.015625 
2 0.3984375 0.796875 0.06171875 0.07578125 
2 0.53671875 0.81171875 0.04453125 0.04140625 
7 0.50546875 0.6375 0.01640625 0.015625 
2 0.79296875 0.784375 0.028125 0.046875 
2 0.4953125 0.81796875 0.04296875 0.03125 
2 0.91015625 0.87734375 0.1796875 0.2453125 
2 0.47578125 0.909375 0.2578125 0.18046875 
2 0.146875 0.8703125 0.29296875 0.25546875 
