2 0.90625 0.77890625 0.025 0.03515625 
2 0.4484375 0.8453125 0.01484375 0.028125 
2 0.11953125 0.85625 0.1359375 0.28671875 
2 0.77265625 0.81796875 0.02421875 0.0453125 
7 0.528125 0.74453125 0.01484375 0.01328125 
2 0.5453125 0.8359375 0.08046875 0.065625 
2 0.9703125 0.78046875 0.01796875 0.04609375 
2 0.42890625 0.859375 0.03828125 0.06015625 
2 0.37109375 0.9015625 0.084375 0.17890625 
2 0.46484375 0.85625 0.02890625 0.03046875 
2 0.93359375 0.78984375 0.0671875 0.05390625 
2 0.740625 0.8234375 0.065625 0.0609375 
2 0.51875 0.925 0.2796875 0.1484375 
2 0.25234375 0.91328125 0.2 0.1734375 
