0 0.0546875 0.85234375 0.0140625 0.0859375 
2 0.7984375 0.821875 0.01875 0.01875 
2 0.87109375 0.81953125 0.025 0.021875 
0 0.0765625 0.8578125 0.01484375 0.08984375 
2 0.546875 0.84609375 0.01484375 0.0359375 
2 0.72265625 0.840625 0.034375 0.040625 
6 0.5390625 0.728125 0.01796875 0.0140625 
2 0.33828125 0.85703125 0.03203125 0.0390625 
2 0.35703125 0.85703125 0.040625 0.040625 
2 0.58359375 0.83828125 0.0625 0.11640625 
2 0.65078125 0.89453125 0.07890625 0.10625 
17 0.2671875 0.78203125 0.00859375 0.0328125 
