2 0.984375 0.81796875 0.03125 0.09140625 
2 0.03984375 0.8265625 0.02890625 0.0359375 
2 0.58359375 0.815625 0.02265625 0.0359375 
2 0.27109375 0.83671875 0.03671875 0.028125 
2 0.96484375 0.8125 0.06875 0.09140625 
2 0.48515625 0.83671875 0.03359375 0.0453125 
2 0.24296875 0.83828125 0.03203125 0.03046875 
2 0.61484375 0.83984375 0.03203125 0.04453125 
2 0.403125 0.83203125 0.02890625 0.028125 
2 0.42421875 0.828125 0.0171875 0.028125 
2 0.3546875 0.85 0.04765625 0.04609375 
2 0.38046875 0.84765625 0.03671875 0.04375 
2 0.55390625 0.91328125 0.15234375 0.171875 
7 0.5390625 0.7109375 0.01875 0.01015625 
7 0.49296875 0.71484375 0.01796875 0.00859375 
