7 0.528125 0.74453125 0.01484375 0.01328125 
2 0.91015625 0.79375 0.03125 0.05 
2 0.484375 0.853125 0.03046875 0.03515625 
2 0.42890625 0.86484375 0.04140625 0.05546875 
2 0.121875 0.85703125 0.1296875 0.28515625 
2 0.759375 0.81875 0.034375 0.03671875 
2 0.37109375 0.9015625 0.08828125 0.1765625 
2 0.934375 0.78671875 0.06875 0.05546875 
2 0.54296875 0.8359375 0.084375 0.06484375 
2 0.859375 0.7984375 0.06640625 0.06015625 
2 0.72578125 0.81953125 0.0390625 0.06640625 
2 0.51953125 0.928125 0.2796875 0.13984375 
2 0.25234375 0.9125 0.2015625 0.175 
