2 0.13515625 0.8703125 0.025 0.03359375 
2 0.45 0.85078125 0.0171875 0.03515625 
6 0.4140625 0.69140625 0.01953125 0.01640625 
2 0.77109375 0.87109375 0.07421875 0.0953125 
2 0.4265625 0.86171875 0.0328125 0.06484375 
2 0.3859375 0.89375 0.08671875 0.12890625 
2 0.89140625 0.88046875 0.21640625 0.2390625 
2 0.190625 0.91796875 0.09921875 0.14140625 
2 0.52421875 0.9078125 0.21796875 0.1765625 
2 0.7078125 0.9109375 0.11953125 0.140625 
2 0.28984375 0.9234375 0.2 0.153125 
2 0.08046875 0.9171875 0.1609375 0.165625 
