2 0.17578125 0.871875 0.0234375 0.02890625 
2 0.43046875 0.88046875 0.0390625 0.09609375 
2 0.59765625 0.8640625 0.02265625 0.05859375 
2 0.04453125 0.93828125 0.0890625 0.1203125 
2 0.609375 0.84609375 0.01640625 0.03046875 
6 0.41875 0.7 0.025 0.0109375 
2 0.9015625 0.87734375 0.196875 0.2453125 
2 0.3890625 0.89921875 0.08671875 0.13828125 
2 0.6421875 0.88515625 0.053125 0.10390625 
2 0.45078125 0.853125 0.02578125 0.040625 
2 0.61953125 0.86953125 0.02109375 0.06640625 
2 0.5296875 0.9046875 0.18828125 0.1609375 
2 0.72421875 0.91875 0.13125 0.1515625 
2 0.2234375 0.9125 0.0875 0.125 
2 0.30859375 0.925 0.15234375 0.15 
2 0.1171875 0.91875 0.16484375 0.15859375 
