2 0.29453125 0.84375 0.0234375 0.025 
3 0.48828125 0.825 0.0796875 0.1 
2 0.125 0.94140625 0.02734375 0.11328125 
2 0.33359375 0.8390625 0.028125 0.0296875 
2 0.31796875 0.86953125 0.05234375 0.071875 
2 0.421875 0.8390625 0.04140625 0.059375 
2 0.41875 0.87578125 0.04296875 0.08359375 
2 0.63125 0.82265625 0.03984375 0.0359375 
2 0.37734375 0.88828125 0.09453125 0.10625 
2 0.68828125 0.84140625 0.04296875 0.065625 
2 0.0296875 0.9109375 0.05859375 0.13828125 
2 0.23046875 0.915625 0.23125 0.16484375 
2 0.52421875 0.9140625 0.1171875 0.15703125 
7 0.4609375 0.70234375 0.0234375 0.01015625 
7 0.396875 0.70625 0.0171875 0.0109375 
