0 0.284375 0.8453125 0.009375 0.05 
6 0.584375 0.725 0.0140625 0.01328125 
2 0.54140625 0.84375 0.0125 0.02890625 
0 0.03046875 0.85546875 0.01640625 0.09453125 
0 0.05078125 0.85546875 0.01484375 0.09609375 
6 0.5390625 0.728125 0.01796875 0.015625 
2 0.56796875 0.8390625 0.04375 0.08515625 
2 0.33828125 0.85859375 0.03203125 0.0390625 
2 0.3578125 0.85703125 0.03984375 0.040625 
2 0.60234375 0.87578125 0.053125 0.075 
2 0.790625 0.90234375 0.23125 0.1953125 
17 0.26796875 0.78203125 0.009375 0.03203125 
