2 0.67421875 0.83203125 0.03046875 0.0265625 
2 0.4984375 0.84921875 0.021875 0.04453125 
2 0.36640625 0.85390625 0.02578125 0.0390625 
2 0.57265625 0.7953125 0.01484375 0.021875 
2 0.415625 0.83359375 0.02109375 0.03984375 
2 0.99375 0.76640625 0.0125 0.0734375 
2 0.4453125 0.8484375 0.01796875 0.03671875 
2 0.33515625 0.85078125 0.04375 0.0359375 
2 0.8765625 0.896875 0.18671875 0.20625 
2 0.5421875 0.8546875 0.0359375 0.05546875 
2 0.4703125 0.859375 0.05078125 0.07421875 
2 0.66171875 0.91875 0.15078125 0.15625 
2 0.38984375 0.89296875 0.08125 0.11875 
