2 0.19375 0.87578125 0.01796875 0.04453125 
2 0.62734375 0.8640625 0.02265625 0.04375 
2 0.48671875 0.85859375 0.015625 0.03125 
2 0.21953125 0.88125 0.05078125 0.0546875 
2 0.01640625 0.87578125 0.03203125 0.05546875 
2 0.56875 0.86171875 0.02578125 0.0359375 
2 0.4703125 0.871875 0.03828125 0.059375 
2 0.59609375 0.878125 0.04375 0.059375 
2 0.15546875 0.88046875 0.06328125 0.065625 
2 0.053125 0.87890625 0.06953125 0.065625 
2 0.10859375 0.87890625 0.053125 0.0640625 
2 0.5234375 0.89140625 0.07265625 0.1109375 
2 0.6796875 0.89296875 0.1046875 0.1453125 
2 0.42265625 0.8921875 0.06640625 0.08828125 
11 0.60234375 0.55078125 0.053125 0.02421875 
11 0.49921875 0.5546875 0.05234375 0.02265625 
16 0.41875 0.76328125 0.01015625 0.04140625 
