2 0.2875 0.88125 0.02578125 0.028125 
2 0.18046875 0.88828125 0.02578125 0.04140625 
2 0.32109375 0.8734375 0.0171875 0.0265625 
2 0.21171875 0.87890625 0.01484375 0.028125 
2 0.4640625 0.86015625 0.01796875 0.0203125 
2 0.33671875 0.87421875 0.021875 0.02578125 
2 0.3859375 0.8671875 0.01953125 0.0265625 
2 0.22578125 0.87890625 0.0171875 0.034375 
2 0.40546875 0.86953125 0.0171875 0.0203125 
6 0.55234375 0.6515625 0.03125 0.0203125 
2 0.00625 0.88359375 0.01171875 0.059375 
2 0.16796875 0.890625 0.04140625 0.046875 
2 0.2421875 0.88515625 0.03828125 0.0515625 
2 0.91953125 0.9 0.1609375 0.1984375 
6 0.63203125 0.64921875 0.0375 0.015625 
