2 0.025 0.89375 0.04921875 0.11953125 
2 0.459375 0.84140625 0.015625 0.0234375 
3 0.02421875 0.83359375 0.0484375 0.2109375 
3 0.10546875 0.81953125 0.175 0.175 
2 0.5171875 0.8453125 0.01796875 0.021875 
3 0.2578125 0.83046875 0.12734375 0.1390625 
2 0.68828125 0.84921875 0.05078125 0.0984375 
2 0.53671875 0.8515625 0.028125 0.0453125 
2 0.43671875 0.85703125 0.04609375 0.05546875 
2 0.48515625 0.859375 0.05 0.0640625 
2 0.11171875 0.915625 0.2046875 0.16875 
2 0.60625 0.8265625 0.109375 0.18828125 
2 0.34609375 0.9203125 0.1609375 0.159375 
