2 0.21953125 0.86484375 0.02109375 0.0296875 
2 0.3015625 0.85703125 0.01796875 0.02578125 
2 0.590625 0.859375 0.02578125 0.06328125 
2 0.0625 0.86796875 0.03984375 0.0359375 
2 0.60703125 0.846875 0.01875 0.040625 
2 0.4421875 0.87265625 0.03828125 0.096875 
7 0.4265625 0.7015625 0.0234375 0.015625 
2 0.46171875 0.85859375 0.025 0.05390625 
2 0.61875 0.86796875 0.02890625 0.0765625 
5 0.7375 0.8390625 0.05625 0.09453125 
2 0.4140625 0.89140625 0.06328125 0.12421875 
2 0.69375 0.86328125 0.03359375 0.06328125 
2 0.6546875 0.884375 0.07578125 0.09921875 
2 0.79375 0.86328125 0.06484375 0.0765625 
2 0.253125 0.9015625 0.09453125 0.1109375 
2 0.53125 0.9078125 0.16015625 0.17890625 
2 0.35078125 0.92109375 0.1421875 0.15546875 
2 0.88046875 0.9140625 0.1671875 0.1703125 
