2 0.2140625 0.8515625 0.03046875 0.05546875 
5 0.2140625 0.8515625 0.03046875 0.05546875 
4 0.265625 0.91640625 0.03984375 0.09140625 
7 0.20234375 0.51796875 0.05234375 0.028125 
2 0.44765625 0.85546875 0.021875 0.0390625 
2 0.5046875 0.8515625 0.02421875 0.03671875 
2 0.4296875 0.85546875 0.0296875 0.040625 
2 0.10546875 0.87109375 0.03828125 0.03125 
2 0.5625 0.84765625 0.04375 0.0453125 
2 0.9078125 0.91484375 0.184375 0.1671875 
2 0.7546875 0.89609375 0.10703125 0.171875 
7 0.3890625 0.71171875 0.021875 0.0140625 
7 0.453125 0.709375 0.02265625 0.0125 
