5 0.975 0.65625 0.05 0.10703125 
2 0.353125 0.83984375 0.028125 0.0390625 
2 0.58203125 0.83046875 0.021875 0.0359375 
2 0.9921875 0.77421875 0.015625 0.09609375 
2 0.10859375 0.8875 0.16015625 0.225 
2 0.896875 0.871875 0.20390625 0.24609375 
2 0.21484375 0.878125 0.03125 0.0390625 
5 0.109375 0.88671875 0.16015625 0.225 
2 0.446875 0.8625 0.03203125 0.04375 
7 0.603125 0.578125 0.04140625 0.02578125 
2 0.70625 0.9109375 0.09375 0.16015625 
7 0.490625 0.58984375 0.04140625 0.028125 
2 0.53671875 0.91640625 0.24375 0.16640625 
