2 0.47265625 0.8359375 0.02265625 0.03125 
2 0.94296875 0.81171875 0.0203125 0.0265625 
2 0.13046875 0.865625 0.03515625 0.03203125 
2 0.0046875 0.86015625 0.00859375 0.04296875 
2 0.41640625 0.85234375 0.015625 0.02109375 
2 0.871875 0.821875 0.02265625 0.0265625 
2 0.740625 0.8375 0.0359375 0.03203125 
2 0.51875 0.846875 0.015625 0.02421875 
2 0.60859375 0.8484375 0.02578125 0.03203125 
2 0.434375 0.86640625 0.03359375 0.04609375 
2 0.39296875 0.87109375 0.053125 0.065625 
2 0.2734375 0.88828125 0.10703125 0.128125 
2 0.64609375 0.88359375 0.07109375 0.0890625 
8 0.584375 0.75546875 0.0140625 0.0078125 
8 0.55234375 0.75703125 0.01484375 0.00859375 
