2 0.06484375 0.82734375 0.0328125 0.0359375 
2 0.27421875 0.82734375 0.01640625 0.0265625 
2 0.80625 0.8515625 0.05390625 0.09375 
2 0.740625 0.8234375 0.02109375 0.05390625 
2 0.7296875 0.81015625 0.01484375 0.03125 
6 0.671875 0.47265625 0.040625 0.03203125 
2 0.15546875 0.8265625 0.0421875 0.04453125 
2 0.23671875 0.82578125 0.025 0.034375 
2 0.6484375 0.81796875 0.03671875 0.04609375 
2 0.128125 0.8265625 0.02734375 0.0359375 
2 0.7609375 0.8265625 0.0453125 0.06171875 
2 0.378125 0.84375 0.0734375 0.0734375 
