11 0.46796875 0.66875 0.021875 0.01640625 
5 0.17109375 0.8015625 0.1046875 0.18203125 
2 0.3625 0.8578125 0.04765625 0.05859375 
2 0.97890625 0.81875 0.015625 0.02578125 
11 0.53125 0.66328125 0.03203125 0.0171875 
2 0.8953125 0.8265625 0.02578125 0.03359375 
2 0.9890625 0.81328125 0.01953125 0.0359375 
2 0.70546875 0.86328125 0.025 0.04453125 
2 0.94375 0.82109375 0.06015625 0.04140625 
2 0.475 0.92421875 0.21640625 0.1515625 
2 0.80234375 0.89296875 0.22734375 0.2140625 
2 0.29375 0.88359375 0.10234375 0.16875 
