5 0.578125 0.88515625 0.04609375 0.08359375 
2 0.31875 0.86875 0.021875 0.025 
2 0.49140625 0.875 0.0140625 0.02421875 
2 0.28046875 0.86328125 0.01328125 0.025 
2 0.2515625 0.8671875 0.02265625 0.0265625 
2 0.425 0.87109375 0.0125 0.028125 
2 0.07734375 0.88125 0.040625 0.06328125 
2 0.5765625 0.8859375 0.04453125 0.0796875 
2 0.4625 0.88046875 0.028125 0.04609375 
2 0.43671875 0.86875 0.0125 0.021875 
2 0.38984375 0.88203125 0.021875 0.04609375 
2 0.54765625 0.88671875 0.0234375 0.06328125 
2 0.3484375 0.8953125 0.04453125 0.05703125 
2 0.509375 0.89921875 0.04921875 0.06484375 
2 0.128125 0.884375 0.04765625 0.06953125 
2 0.18359375 0.9046875 0.08671875 0.09453125 
2 0.04921875 0.9265625 0.096875 0.14296875 
2 0.409375 0.90078125 0.04765625 0.06953125 
