2 0.359375 0.9046875 0.0484375 0.1015625 
2 0.1453125 0.875 0.01953125 0.02421875 
2 0.4515625 0.84921875 0.01796875 0.03125 
2 0.42890625 0.86015625 0.03359375 0.06640625 
6 0.4140625 0.69140625 0.01953125 0.01640625 
2 0.8890625 0.88046875 0.221875 0.2390625 
2 0.7625 0.87109375 0.071875 0.09453125 
2 0.39296875 0.89140625 0.075 0.12109375 
2 0.190625 0.91796875 0.09921875 0.14296875 
2 0.7015625 0.909375 0.11796875 0.1390625 
2 0.52421875 0.90703125 0.21484375 0.175 
2 0.290625 0.9234375 0.1984375 0.153125 
2 0.08125 0.91640625 0.16171875 0.16640625 
