2 0.68828125 0.84453125 0.03125 0.05703125 
2 0.64609375 0.846875 0.03203125 0.05390625 
2 0.26328125 0.86796875 0.03828125 0.05 
2 0.8765625 0.759375 0.025 0.04140625 
6 0.43125 0.546875 0.04140625 0.0296875 
2 0.22421875 0.85703125 0.0390625 0.03203125 
2 0.80703125 0.8515625 0.06953125 0.0890625 
2 0.58359375 0.86953125 0.03984375 0.05 
2 0.8484375 0.8984375 0.08203125 0.16953125 
2 0.09765625 0.9046875 0.1953125 0.190625 
2 0.496875 0.921875 0.1359375 0.15 
6 0.578125 0.5359375 0.0421875 0.03046875 
