2 0.4015625 0.89296875 0.0390625 0.11953125 
2 0.740625 0.815625 0.0484375 0.05859375 
2 0.475 0.85390625 0.02890625 0.028125 
2 0.42265625 0.89140625 0.025 0.065625 
2 0.4375 0.85234375 0.05234375 0.0546875 
2 0.91328125 0.80390625 0.0328125 0.04921875 
2 0.984375 0.78671875 0.028125 0.05 
2 0.88125 0.8140625 0.021875 0.03515625 
2 0.29921875 0.86953125 0.02109375 0.05 
2 0.9515625 0.79609375 0.059375 0.05859375 
2 0.8 0.821875 0.06640625 0.0484375 
2 0.51640625 0.92578125 0.23671875 0.1484375 
2 0.35859375 0.9109375 0.121875 0.16640625 
6 0.5265625 0.75078125 0.0171875 0.0109375 
