3 0.82578125 0.840625 0.109375 0.22109375 
2 0.28828125 0.853125 0.03046875 0.03359375 
2 0.5953125 0.86953125 0.02578125 0.0703125 
2 0.60859375 0.85 0.015625 0.03515625 
2 0.20546875 0.86015625 0.0328125 0.03515625 
2 0.45703125 0.8609375 0.028125 0.05390625 
2 0.43984375 0.8828125 0.040625 0.103125 
6 0.4265625 0.7015625 0.0171875 0.015625 
2 0.61796875 0.86953125 0.02109375 0.06640625 
2 0.9359375 0.88125 0.128125 0.23671875 
2 0.40546875 0.9 0.07109375 0.13359375 
2 0.6375 0.8859375 0.0453125 0.103125 
2 0.078125 0.9296875 0.15625 0.13671875 
2 0.71328125 0.91328125 0.12109375 0.14375 
2 0.53203125 0.91015625 0.16875 0.171875 
2 0.24609375 0.909375 0.08203125 0.11484375 
2 0.153125 0.91953125 0.14296875 0.1546875 
2 0.3390625 0.9234375 0.15703125 0.15078125 
