2 0.3703125 0.84453125 0.0296875 0.01875 
2 0.47109375 0.840625 0.0171875 0.034375 
2 0.590625 0.859375 0.02734375 0.0640625 
2 0.30703125 0.85625 0.02734375 0.03359375 
2 0.6171875 0.8640625 0.02578125 0.059375 
2 0.609375 0.84921875 0.02265625 0.0390625 
2 0.4421875 0.88046875 0.0390625 0.1015625 
2 0.14921875 0.871875 0.03046875 0.03359375 
2 0.71640625 0.87578125 0.059375 0.07890625 
2 0.46015625 0.85625 0.025 0.04921875 
7 0.42421875 0.703125 0.01953125 0.01484375 
2 0.1984375 0.8640625 0.04921875 0.05625 
2 0.10078125 0.9203125 0.19296875 0.1515625 
2 0.6484375 0.88359375 0.07421875 0.096875 
2 0.4125 0.89609375 0.06484375 0.13046875 
2 0.53203125 0.90859375 0.15625 0.17578125 
2 0.24765625 0.90703125 0.09453125 0.115625 
2 0.346875 0.921875 0.14765625 0.1515625 
