2 0.72109375 0.83671875 0.01953125 0.01875 
2 0.55859375 0.840625 0.03125 0.071875 
2 0.49921875 0.84140625 0.0125 0.021875 
2 0.46171875 0.84375 0.01640625 0.028125 
2 0.5171875 0.84140625 0.01171875 0.0203125 
2 0.48671875 0.8390625 0.0125 0.025 
2 0.196875 0.85078125 0.02265625 0.04140625 
2 0.24609375 0.84921875 0.03046875 0.03828125 
2 0.22578125 0.853125 0.02734375 0.03125 
2 0.17890625 0.8515625 0.0390625 0.0453125 
2 0.5859375 0.859375 0.01796875 0.04453125 
2 0.59765625 0.86640625 0.01796875 0.05546875 
2 0.4390625 0.86328125 0.03203125 0.0453125 
2 0.5296875 0.8609375 0.03046875 0.0484375 
2 0.4734375 0.8640625 0.0390625 0.05703125 
2 0.61015625 0.87265625 0.03125 0.07109375 
2 0.396875 0.8703125 0.04609375 0.0609375 
2 0.64765625 0.8765625 0.059375 0.1 
2 0.315625 0.90703125 0.11484375 0.121875 
2 0.72421875 0.91953125 0.11640625 0.15546875 
