2 0.54375 0.8359375 0.01171875 0.02421875 
2 0.56640625 0.83359375 0.00859375 0.025 
2 0.63359375 0.84375 0.03046875 0.05 
2 0.59296875 0.834375 0.0421875 0.075 
2 0.5296875 0.8484375 0.01640625 0.0359375 
2 0.41796875 0.85703125 0.02890625 0.04453125 
2 0.51328125 0.85546875 0.0328125 0.05078125 
2 0.61796875 0.846875 0.04609375 0.05 
2 0.11640625 0.93203125 0.23125 0.13515625 
2 0.55625 0.8390625 0.01796875 0.02890625 
2 0.171875 0.8859375 0.0671875 0.0796875 
2 0.4703125 0.92109375 0.14609375 0.15625 
2 0.28828125 0.8765625 0.06484375 0.08359375 
6 0.565625 0.7109375 0.0203125 0.0109375 
6 0.51875 0.71796875 0.01640625 0.0125 
