2 0.21171875 0.86328125 0.02734375 0.0296875 
2 0.49296875 0.84921875 0.01328125 0.0203125 
5 0.28828125 0.84375 0.03203125 0.06875 
5 0.22734375 0.8375 0.03515625 0.0765625 
2 0.4640625 0.84765625 0.0171875 0.02109375 
2 0.27421875 0.86328125 0.01875 0.03359375 
2 0.28828125 0.84375 0.03203125 0.06875 
2 0.01484375 0.87421875 0.02890625 0.06796875 
2 0.06328125 0.86640625 0.05 0.07109375 
2 0.034375 0.87421875 0.06328125 0.075 
2 0.1671875 0.87109375 0.0578125 0.05703125 
2 0.653125 0.89375 0.0921875 0.13046875 
