2 0.2984375 0.86875 0.01953125 0.0453125 
2 0.3046875 0.85625 0.01484375 0.021875 
2 0.3578125 0.85703125 0.0171875 0.025 
2 0.5890625 0.846875 0.02109375 0.025 
2 0.03203125 0.83828125 0.01796875 0.028125 
2 0.43515625 0.8609375 0.01484375 0.03125 
2 0.1828125 0.8640625 0.01484375 0.03125 
7 0.40546875 0.73203125 0.01875 0.0125 
2 0.171875 0.86875 0.02265625 0.03359375 
2 0.41015625 0.853125 0.028125 0.034375 
2 0.453125 0.85078125 0.01640625 0.02421875 
2 0.2 0.865625 0.01484375 0.025 
2 0.12109375 0.86875 0.034375 0.0359375 
2 0.27890625 0.87421875 0.04765625 0.065625 
2 0.38984375 0.871875 0.04375 0.0515625 
2 0.33671875 0.88125 0.06484375 0.07890625 
7 0.4734375 0.76953125 0.01328125 0.00859375 
7 0.43828125 0.7703125 0.0125 0.00625 
7 0.359375 0.73515625 0.01953125 0.0078125 
