2 0.45078125 0.83359375 0.0171875 0.028125 
2 0.878125 0.80078125 0.03125 0.03359375 
2 0.8296875 0.8078125 0.021875 0.02109375 
2 0.4796875 0.83671875 0.03515625 0.05 
2 0.65 0.8296875 0.0171875 0.0296875 
2 0.5921875 0.8515625 0.02734375 0.0359375 
2 0.759375 0.8375 0.02734375 0.0453125 
2 0.53671875 0.83984375 0.01640625 0.0390625 
2 0.7375 0.83984375 0.03515625 0.04453125 
2 0.79609375 0.83671875 0.03046875 0.0546875 
2 0.778125 0.83828125 0.0359375 0.05390625 
2 0.43984375 0.84921875 0.025 0.0390625 
2 0.5515625 0.85 0.03046875 0.0515625 
2 0.1390625 0.8734375 0.0703125 0.08046875 
2 0.67109375 0.91953125 0.209375 0.15703125 
