2 0.8 0.85078125 0.04765625 0.06640625 
2 0.896875 0.87734375 0.20625 0.2453125 
2 0.6328125 0.8703125 0.0484375 0.078125 
2 0.609375 0.84921875 0.021875 0.03984375 
2 0.44453125 0.846875 0.02109375 0.0359375 
6 0.4140625 0.69140625 0.01953125 0.01640625 
2 0.4234375 0.8640625 0.03203125 0.075 
2 0.378125 0.89609375 0.09765625 0.13828125 
2 0.19140625 0.91796875 0.096875 0.13984375 
2 0.7296875 0.91796875 0.1359375 0.1609375 
2 0.28828125 0.9234375 0.20234375 0.15078125 
2 0.52578125 0.90703125 0.2265625 0.18125 
2 0.08125 0.91640625 0.16171875 0.16640625 
