2 0.390625 0.85859375 0.01640625 0.02421875 
4 0.27734375 0.915625 0.0390625 0.084375 
2 0.69140625 0.85078125 0.02734375 0.04453125 
2 0.61953125 0.840625 0.01640625 0.025 
2 0.86796875 0.85234375 0.059375 0.103125 
7 0.3890625 0.71640625 0.01328125 0.0140625 
2 0.46328125 0.85625 0.025 0.04296875 
7 0.21328125 0.5328125 0.0484375 0.0265625 
2 0.4421875 0.859375 0.03828125 0.03984375 
2 0.56171875 0.8515625 0.0421875 0.04453125 
2 0.50546875 0.85390625 0.0234375 0.03828125 
2 0.13046875 0.871875 0.03671875 0.03125 
2 0.07578125 0.9390625 0.1515625 0.121875 
2 0.92890625 0.91796875 0.1421875 0.1640625 
2 0.7515625 0.90703125 0.134375 0.18359375 
7 0.0984375 0.5421875 0.0515625 0.02421875 
7 0.45234375 0.7140625 0.01796875 0.01328125 
