2 0.95078125 0.88125 0.096875 0.23203125 
2 0.4265625 0.84296875 0.02421875 0.09453125 
7 0.44375 0.65625 0.0140625 0.01484375 
2 0.64765625 0.76015625 0.03984375 0.0390625 
2 0.7625 0.75546875 0.02734375 0.040625 
2 0.9578125 0.7265625 0.028125 0.03046875 
2 0.8359375 0.74296875 0.01875 0.0296875 
2 0.4453125 0.784375 0.02421875 0.03359375 
2 0.81796875 0.74375 0.028125 0.03359375 
2 0.71015625 0.7578125 0.034375 0.04375 
2 0.79296875 0.746875 0.02734375 0.03359375 
2 0.42109375 0.78359375 0.034375 0.0484375 
2 0.58125 0.778125 0.0609375 0.046875 
2 0.89609375 0.734375 0.034375 0.03515625 
2 0.7359375 0.76640625 0.0703125 0.0515625 
2 0.921875 0.72890625 0.03359375 0.03828125 
2 0.8515625 0.7390625 0.02421875 0.03359375 
2 0.4 0.8484375 0.0640625 0.121875 
2 0.9796875 0.7421875 0.040625 0.071875 
2 0.49921875 0.853125 0.06875 0.1203125 
2 0.63828125 0.85625 0.09296875 0.13515625 
2 0.33984375 0.89765625 0.13359375 0.18984375 
2 0.83125 0.88046875 0.15234375 0.23125 
7 0.48984375 0.653125 0.0203125 0.00859375 
