6 0.584375 0.72578125 0.01484375 0.01484375 
5 0.45703125 0.8328125 0.06171875 0.1046875 
2 0.425 0.8546875 0.0140625 0.028125 
2 0.59921875 0.88125 0.03203125 0.04140625 
2 0.4921875 0.846875 0.0171875 0.03203125 
6 0.5390625 0.728125 0.01640625 0.0140625 
2 0.665625 0.83203125 0.07734375 0.12109375 
2 0.45546875 0.86640625 0.05234375 0.04609375 
2 0.95625 0.92578125 0.0875 0.1484375 
2 0.56015625 0.86328125 0.04140625 0.0546875 
2 0.33046875 0.865625 0.0578125 0.07578125 
2 0.65390625 0.90390625 0.10234375 0.13359375 
2 0.384375 0.89140625 0.07421875 0.1 
