2 0.55625 0.81171875 0.0203125 0.03515625 
2 0.34375 0.8078125 0.03359375 0.0546875 
5 0.7515625 0.76953125 0.03359375 0.06640625 
2 0.55 0.80546875 0.01953125 0.04296875 
2 0.7515625 0.771875 0.03359375 0.06484375 
2 0.65390625 0.78671875 0.03046875 0.05546875 
7 0.45 0.640625 0.02109375 0.015625 
2 0.43125 0.796875 0.0109375 0.0203125 
2 0.98671875 0.76953125 0.0265625 0.03359375 
7 0.50625 0.6375 0.01640625 0.015625 
2 0.83046875 0.78203125 0.025 0.0390625 
2 0.28359375 0.81328125 0.03203125 0.0453125 
2 0.7703125 0.78515625 0.0421875 0.05 
2 0.51328125 0.81640625 0.046875 0.0390625 
2 0.9109375 0.8890625 0.178125 0.22109375 
2 0.47578125 0.91015625 0.2578125 0.1796875 
2 0.15703125 0.86953125 0.3140625 0.2546875 
