2 0.77890625 0.8625 0.01875 0.0265625 
2 0.8171875 0.90390625 0.01953125 0.0515625 
2 0.70546875 0.86796875 0.01171875 0.02109375 
2 0.42421875 0.8796875 0.025 0.0390625 
2 0.7234375 0.86796875 0.02421875 0.025 
2 0.73671875 0.909375 0.01640625 0.05625 
6 0.54453125 0.51640625 0.06328125 0.0390625 
2 0.51875 0.88203125 0.0140625 0.03046875 
2 0.40234375 0.88125 0.0171875 0.028125 
2 0.50859375 0.8734375 0.0125 0.021875 
2 0.48515625 0.8734375 0.01328125 0.025 
2 0.7890625 0.9015625 0.05078125 0.05859375 
2 0.6359375 0.9078125 0.0453125 0.053125 
2 0.61015625 0.90703125 0.03671875 0.05078125 
2 0.47109375 0.8859375 0.0203125 0.0390625 
2 0.41875 0.9015625 0.0265625 0.05078125 
2 0.53125 0.89921875 0.03203125 0.05 
2 0.453125 0.91796875 0.05234375 0.084375 
2 0.36484375 0.93671875 0.11484375 0.11953125 
17 0.85234375 0.72578125 0.02265625 0.09375 
