2 0.62578125 0.79921875 0.02265625 0.028125 
2 0.6359375 0.79453125 0.01953125 0.028125 
2 0.84140625 0.803125 0.046875 0.10390625 
2 0.60859375 0.80546875 0.05703125 0.0484375 
2 0.4265625 0.796875 0.01328125 0.0203125 
2 0.87109375 0.80546875 0.1078125 0.11484375 
2 0.7671875 0.79375 0.02109375 0.03046875 
2 0.6328125 0.8390625 0.03203125 0.05546875 
2 0.95390625 0.75703125 0.05625 0.0609375 
2 0.78515625 0.78828125 0.03828125 0.04296875 
7 0.44921875 0.64140625 0.02109375 0.015625 
7 0.50546875 0.6375 0.01640625 0.015625 
2 0.990625 0.7671875 0.01875 0.03828125 
2 0.6578125 0.834375 0.04453125 0.0546875 
2 0.72109375 0.7984375 0.0328125 0.03359375 
2 0.30546875 0.81953125 0.04765625 0.0359375 
2 0.571875 0.83828125 0.13046875 0.10546875 
2 0.47578125 0.91171875 0.259375 0.17578125 
2 0.91015625 0.88203125 0.1796875 0.23515625 
2 0.16171875 0.86953125 0.3234375 0.2546875 
