2 0.73203125 0.821875 0.03515625 0.04609375 
2 0.03359375 0.7953125 0.021875 0.03359375 
5 0.94765625 0.74921875 0.1 0.13984375 
2 0.71484375 0.81796875 0.02109375 0.03359375 
2 0.07890625 0.79609375 0.0234375 0.025 
2 0.84765625 0.79609375 0.0203125 0.02578125 
2 0.37734375 0.83203125 0.0390625 0.06875 
2 0.19296875 0.84296875 0.090625 0.0890625 
2 0.41015625 0.84609375 0.0796875 0.08046875 
2 0.67890625 0.83984375 0.05390625 0.078125 
2 0.50390625 0.8640625 0.09375 0.1015625 
2 0.60703125 0.87109375 0.0875 0.1140625 
6 0.6328125 0.49765625 0.05546875 0.02578125 
15 0.659375 0.43359375 0.059375 0.03203125 
