2 0.16640625 0.884375 0.046875 0.0890625 
2 0.19296875 0.88359375 0.04609375 0.0796875 
2 0.1390625 0.89609375 0.0515625 0.09609375 
2 0.05390625 0.85625 0.034375 0.0390625 
0 0.8640625 0.83984375 0.009375 0.06640625 
2 0.82109375 0.83203125 0.0328125 0.04140625 
2 0.25234375 0.86640625 0.08046875 0.1 
2 0.09765625 0.89609375 0.1234375 0.103125 
2 0.02421875 0.8703125 0.0484375 0.06875 
2 0.41015625 0.88203125 0.07265625 0.084375 
2 0.34296875 0.875 0.0640625 0.09453125 
2 0.4953125 0.884375 0.06875 0.08359375 
