2 0.16484375 0.8734375 0.01953125 0.0265625 
2 0.609375 0.84609375 0.02109375 0.03828125 
2 0.09296875 0.871875 0.02734375 0.02890625 
2 0.59375 0.86796875 0.02578125 0.06953125 
2 0.6203125 0.8703125 0.03046875 0.071875 
2 0.44140625 0.88125 0.03671875 0.10390625 
2 0.69453125 0.86171875 0.02890625 0.046875 
7 0.4265625 0.70390625 0.02421875 0.01484375 
2 0.46015625 0.86328125 0.025 0.05546875 
2 0.41171875 0.896875 0.06328125 0.13046875 
2 0.6546875 0.890625 0.07890625 0.09921875 
2 0.7453125 0.88046875 0.0796875 0.090625 
2 0.53125 0.909375 0.1625 0.17421875 
2 0.346875 0.921875 0.14765625 0.1515625 
2 0.2484375 0.90625 0.09453125 0.115625 
