2 0.43203125 0.83046875 0.01640625 0.02421875 
2 0.51328125 0.83671875 0.0203125 0.034375 
2 0.32265625 0.8390625 0.025 0.0296875 
2 0.9 0.82578125 0.075 0.096875 
2 0.07421875 0.87421875 0.14765625 0.25078125 
2 0.6015625 0.82109375 0.01953125 0.028125 
2 0.378125 0.84296875 0.02421875 0.03359375 
2 0.4859375 0.834375 0.0125 0.0234375 
5 0.07421875 0.871875 0.14765625 0.25546875 
2 0.96328125 0.79296875 0.059375 0.07421875 
2 0.353125 0.8625 0.0359375 0.06015625 
2 0.45546875 0.8515625 0.03671875 0.05546875 
2 0.31484375 0.875 0.05078125 0.08515625 
2 0.55546875 0.865625 0.05859375 0.07890625 
2 0.39765625 0.878125 0.06640625 0.0859375 
2 0.2359375 0.88125 0.10859375 0.13671875 
