2 0.0140625 0.8640625 0.0265625 0.059375 
7 0.6234375 0.584375 0.01328125 0.02421875 
2 0.48984375 0.865625 0.02734375 0.0390625 
2 0.3203125 0.84140625 0.02109375 0.0203125 
2 0.3890625 0.840625 0.03671875 0.03671875 
2 0.2890625 0.8484375 0.025 0.028125 
2 0.30234375 0.87265625 0.028125 0.05859375 
2 0.46875 0.86796875 0.03125 0.04609375 
2 0.25078125 0.87109375 0.04296875 0.0609375 
2 0.4375 0.928125 0.2609375 0.14375 
2 0.33671875 0.89296875 0.06953125 0.096875 
2 0.20546875 0.875 0.07265625 0.0890625 
2 0.0625 0.896875 0.12421875 0.109375 
