2 0.48515625 0.83359375 0.03984375 0.0640625 
7 0.528125 0.74453125 0.01328125 0.01328125 
2 0.94765625 0.77578125 0.025 0.040625 
2 0.7296875 0.80703125 0.03203125 0.059375 
2 0.85703125 0.80078125 0.0296875 0.046875 
2 0.36953125 0.90234375 0.0890625 0.175 
2 0.11953125 0.85703125 0.13515625 0.2859375 
5 0.48515625 0.83359375 0.0390625 0.0640625 
2 0.42890625 0.8609375 0.03984375 0.06328125 
2 0.99140625 0.78515625 0.015625 0.03359375 
2 0.5453125 0.8359375 0.08203125 0.065625 
2 0.8359375 0.80390625 0.04921875 0.0484375 
2 0.90703125 0.78828125 0.0703125 0.06171875 
2 0.51875 0.9265625 0.27890625 0.1453125 
2 0.77734375 0.81484375 0.075 0.0609375 
2 0.253125 0.9125 0.2 0.175 
