2 0.48671875 0.84375 0.01484375 0.02890625 
2 0.21328125 0.85625 0.025 0.0390625 
2 0.19609375 0.85390625 0.03125 0.04453125 
2 0.35546875 0.8578125 0.02734375 0.04140625 
2 0.5859375 0.86328125 0.02109375 0.04453125 
2 0.5296875 0.8640625 0.0296875 0.04453125 
2 0.43515625 0.86796875 0.034375 0.04921875 
2 0.24140625 0.85703125 0.0296875 0.03203125 
2 0.47890625 0.86953125 0.0375 0.0546875 
2 0.6015625 0.87421875 0.03046875 0.06328125 
2 0.396875 0.878125 0.04765625 0.059375 
2 0.63203125 0.8796875 0.04921875 0.0890625 
2 0.29609375 0.9140625 0.12578125 0.1296875 
2 0.68984375 0.9125 0.09296875 0.134375 
