2 0.4109375 0.81171875 0.0234375 0.0359375 
2 0.34296875 0.81640625 0.0203125 0.03125 
2 0.79765625 0.790625 0.02109375 0.03359375 
2 0.5625 0.80546875 0.02265625 0.03671875 
2 0.83203125 0.7875 0.0265625 0.03046875 
2 0.77109375 0.79453125 0.03203125 0.0296875 
2 0.63125 0.79453125 0.02734375 0.0484375 
2 0.5390625 0.81171875 0.04453125 0.03984375 
2 0.61796875 0.79609375 0.05234375 0.0546875 
7 0.45 0.63984375 0.02109375 0.01640625 
7 0.50625 0.63828125 0.01640625 0.015625 
2 0.36171875 0.81328125 0.0328125 0.04375 
2 0.3859375 0.8140625 0.06328125 0.04609375 
2 0.58046875 0.80390625 0.046875 0.053125 
2 0.47578125 0.909375 0.259375 0.18046875 
2 0.91015625 0.89375 0.1796875 0.21171875 
2 0.1609375 0.871875 0.321875 0.2515625 
