2 0.57421875 0.846875 0.01640625 0.03125 
2 0.3390625 0.846875 0.03125 0.03125 
2 0.2265625 0.865625 0.0328125 0.0640625 
2 0.5375 0.8515625 0.03828125 0.05625 
2 0.840625 0.828125 0.04375 0.08125 
2 0.8875 0.825 0.05234375 0.05390625 
2 0.4984375 0.853125 0.02421875 0.04296875 
2 0.40546875 0.86796875 0.0875 0.0640625 
7 0.56328125 0.64765625 0.025 0.01953125 
2 0.1140625 0.87265625 0.0359375 0.03984375 
2 0.20078125 0.86796875 0.03203125 0.0453125 
2 0.69609375 0.8484375 0.0390625 0.04453125 
2 0.78046875 0.85 0.14140625 0.11875 
2 0.05390625 0.896875 0.1078125 0.12109375 
2 0.28125 0.87578125 0.1234375 0.0890625 
