15 0.87734375 0.5359375 0.021875 0.01875 
2 0.0046875 0.87265625 0.009375 0.0359375 
7 0.1828125 0.49765625 0.05703125 0.02890625 
7 0.38828125 0.7078125 0.0234375 0.0140625 
4 0.24609375 0.92109375 0.04375 0.09921875 
2 0.62109375 0.8359375 0.01875 0.025 
2 0.5046875 0.853125 0.0234375 0.03515625 
2 0.17734375 0.86640625 0.03046875 0.03671875 
2 0.053125 0.87265625 0.04609375 0.03828125 
2 0.4234375 0.853125 0.03671875 0.0453125 
2 0.5625 0.84609375 0.0453125 0.0484375 
2 0.84296875 0.903125 0.2328125 0.19375 
7 0.45078125 0.70546875 0.021875 0.0125 
