1 0.73671875 0.80390625 0.0421875 0.06328125 
2 0.1203125 0.85703125 0.1359375 0.2859375 
7 0.528125 0.74453125 0.01484375 0.01328125 
2 0.7375 0.80390625 0.04375 0.06171875 
2 0.90703125 0.77890625 0.0296875 0.03125 
5 0.73671875 0.80546875 0.04375 0.0609375 
2 0.428125 0.86171875 0.04140625 0.06015625 
2 0.54453125 0.834375 0.07890625 0.06171875 
2 0.76875 0.809375 0.0265625 0.04453125 
2 0.97265625 0.78046875 0.025 0.046875 
2 0.83359375 0.8109375 0.0296875 0.0484375 
2 0.9421875 0.7875 0.05546875 0.0546875 
2 0.85546875 0.81015625 0.059375 0.0609375 
2 0.9 0.803125 0.03515625 0.05 
2 0.478125 0.853125 0.0328125 0.03359375 
2 0.37109375 0.90078125 0.084375 0.18359375 
2 0.5203125 0.9265625 0.28046875 0.14609375 
2 0.25234375 0.9125 0.2015625 0.175 
