6 0.6296875 0.49140625 0.05390625 0.028125 
5 0.9515625 0.77109375 0.09375 0.13203125 
2 0.7296875 0.84140625 0.028125 0.04375 
2 0.0203125 0.903125 0.040625 0.18125 
2 0.8890625 0.80859375 0.02578125 0.03515625 
2 0.34453125 0.8484375 0.05 0.07109375 
2 0.68359375 0.85546875 0.053125 0.0796875 
2 0.11796875 0.85703125 0.09921875 0.1 
2 0.39140625 0.8640625 0.0875 0.08671875 
2 0.61171875 0.8890625 0.08828125 0.11484375 
2 0.50859375 0.88046875 0.09375 0.10390625 
15 0.6578125 0.4171875 0.06796875 0.03359375 
