2 0.6921875 0.825 0.03671875 0.04296875 
2 0.61328125 0.86640625 0.0375 0.0796875 
2 0.2765625 0.859375 0.02109375 0.03359375 
2 0.95625 0.81796875 0.08359375 0.11171875 
2 0.32109375 0.84453125 0.028125 0.0265625 
2 0.98984375 0.82109375 0.0203125 0.109375 
2 0.89375 0.821875 0.10234375 0.0890625 
2 0.78515625 0.82578125 0.04921875 0.071875 
2 0.46953125 0.8578125 0.034375 0.046875 
2 0.83828125 0.81953125 0.08203125 0.08671875 
2 0.6453125 0.89296875 0.08359375 0.1390625 
2 0.18515625 0.928125 0.259375 0.14375 
2 0.5453125 0.921875 0.13359375 0.1515625 
