2 0.39296875 0.8203125 0.01796875 0.02578125 
7 0.45078125 0.63984375 0.0265625 0.01328125 
2 0.47578125 0.8203125 0.02578125 0.028125 
2 0.3734375 0.82109375 0.028125 0.02890625 
2 0.70390625 0.79296875 0.025 0.040625 
7 0.5109375 0.6375 0.0265625 0.01640625 
2 0.64609375 0.80390625 0.02265625 0.028125 
2 0.9875 0.77109375 0.025 0.028125 
2 0.753125 0.78515625 0.0375 0.05 
2 0.6765625 0.796875 0.0546875 0.04375 
2 0.509375 0.8125 0.04921875 0.04140625 
2 0.83515625 0.7890625 0.0359375 0.03046875 
2 0.9109375 0.88984375 0.178125 0.2203125 
2 0.475 0.909375 0.25859375 0.18125 
2 0.1609375 0.8703125 0.321875 0.25625 
