2 0.34375 0.8046875 0.02890625 0.05546875 
2 0.99296875 0.7609375 0.0140625 0.046875 
2 0.846875 0.78671875 0.025 0.03046875 
2 0.28671875 0.89140625 0.0828125 0.20703125 
7 0.446875 0.64296875 0.01953125 0.015625 
2 0.70625 0.80078125 0.02265625 0.0265625 
5 0.47578125 0.78359375 0.0359375 0.07421875 
2 0.48125 0.81171875 0.02265625 0.0390625 
7 0.50546875 0.6375 0.015625 0.0140625 
2 0.9453125 0.76875 0.03828125 0.04375 
2 0.7921875 0.7890625 0.0375 0.03828125 
2 0.634375 0.80703125 0.028125 0.02578125 
2 0.2828125 0.81015625 0.04921875 0.05546875 
2 0.97578125 0.76328125 0.0484375 0.05 
2 0.4375 0.80703125 0.01640625 0.02578125 
2 0.50546875 0.8015625 0.04453125 0.06171875 
2 0.87265625 0.78359375 0.05625 0.0390625 
2 0.74375 0.790625 0.0546875 0.04453125 
2 0.91015625 0.890625 0.1796875 0.21875 
2 0.47578125 0.91015625 0.2578125 0.1796875 
2 0.14453125 0.87109375 0.2875 0.25546875 
