2 0.58828125 0.75859375 0.0265625 0.03046875 
2 0.77109375 0.77734375 0.01875 0.03984375 
0 0.17734375 0.82890625 0.01015625 0.07109375 
2 0.84765625 0.30390625 0.0078125 0.028125 
2 0.53359375 0.7515625 0.01015625 0.015625 
2 0.7609375 0.76953125 0.02890625 0.05390625 
2 0.7328125 0.7671875 0.0390625 0.06171875 
2 0.62890625 0.74765625 0.01796875 0.03203125 
2 0.44765625 0.7703125 0.02578125 0.03359375 
2 0.40078125 0.8015625 0.046875 0.0640625 
15 0.55546875 0.590625 0.03046875 0.01484375 
7 0.4953125 0.596875 0.0296875 0.01328125 
