2 0.3703125 0.84453125 0.0296875 0.01875 
2 0.68359375 0.86875 0.0265625 0.046875 
2 0.61875 0.86640625 0.02890625 0.06484375 
2 0.60859375 0.8484375 0.0203125 0.03671875 
2 0.59140625 0.8625 0.025 0.06015625 
2 0.20625 0.86953125 0.02421875 0.028125 
7 0.4234375 0.70546875 0.01875 0.01484375 
2 0.4421875 0.88203125 0.0390625 0.1046875 
2 0.46171875 0.865625 0.025 0.05625 
2 0.6484375 0.884375 0.07421875 0.09453125 
2 0.7234375 0.8765625 0.075 0.08203125 
2 0.4125 0.89609375 0.06484375 0.13046875 
2 0.09765625 0.93125 0.1734375 0.13046875 
2 0.53203125 0.909375 0.15703125 0.1734375 
2 0.2484375 0.90625 0.09453125 0.115625 
2 0.346875 0.921875 0.14765625 0.1515625 
