2 0.52578125 0.84609375 0.0140625 0.03359375 
2 0.30078125 0.859375 0.0125 0.03359375 
2 0.6640625 0.85390625 0.04921875 0.03671875 
2 0.31171875 0.85703125 0.01171875 0.021875 
4 0.78046875 0.91640625 0.034375 0.09453125 
2 0.0921875 0.878125 0.04140625 0.05546875 
2 0.578125 0.853125 0.01640625 0.03515625 
2 0.2859375 0.85859375 0.028125 0.046875 
2 0.3328125 0.85859375 0.0171875 0.028125 
2 0.41484375 0.86640625 0.03125 0.04921875 
2 0.54140625 0.859375 0.03125 0.046875 
3 0.0296875 0.84765625 0.059375 0.0921875 
2 0.11796875 0.878125 0.04921875 0.059375 
2 0.253125 0.8671875 0.03359375 0.05078125 
2 0.1640625 0.871875 0.0359375 0.040625 
2 0.59609375 0.8578125 0.0359375 0.046875 
2 0.36484375 0.89296875 0.07734375 0.09921875 
2 0.47734375 0.90625 0.1265625 0.184375 
