2 0.8546875 0.66875 0.01171875 0.01640625 
2 0.915625 0.8078125 0.03515625 0.04140625 
7 0.528125 0.74453125 0.0140625 0.01328125 
1 0.73671875 0.80234375 0.04296875 0.065625 
2 0.99375 0.78125 0.0125 0.0359375 
2 0.73828125 0.803125 0.04453125 0.06484375 
2 0.43125 0.8703125 0.0359375 0.0390625 
2 0.59921875 0.84609375 0.03203125 0.0453125 
5 0.73828125 0.803125 0.04453125 0.06484375 
3 0.5078125 0.81640625 0.10078125 0.10703125 
2 0.36953125 0.9234375 0.08125 0.14375 
2 0.11796875 0.85703125 0.13671875 0.2859375 
2 0.54140625 0.8359375 0.084375 0.06484375 
2 0.76796875 0.809375 0.028125 0.04453125 
2 0.95546875 0.79375 0.05 0.06640625 
2 0.5203125 0.9265625 0.2796875 0.1453125 
2 0.25234375 0.9125 0.2015625 0.175 
