2 0.28671875 0.88828125 0.08359375 0.21640625 
2 0.72578125 0.79609375 0.0265625 0.034375 
2 0.8328125 0.79453125 0.03046875 0.0703125 
2 0.76484375 0.79296875 0.01875 0.03046875 
2 0.71015625 0.796875 0.034375 0.03515625 
2 0.6953125 0.80078125 0.03203125 0.03046875 
2 0.80234375 0.7875 0.02421875 0.04921875 
2 0.39453125 0.834375 0.03828125 0.0859375 
7 0.50546875 0.6375 0.01640625 0.015625 
7 0.44921875 0.64140625 0.0203125 0.015625 
2 0.28125 0.81875 0.0390625 0.040625 
2 0.78046875 0.78984375 0.03203125 0.0390625 
2 0.8671875 0.79921875 0.09296875 0.1015625 
2 0.909375 0.884375 0.18125 0.23046875 
2 0.47578125 0.90625 0.26328125 0.18671875 
2 0.14921875 0.87109375 0.2984375 0.2515625 
