2 0.27578125 0.8515625 0.015625 0.0265625 
2 0.4921875 0.846875 0.01328125 0.02421875 
2 0.059375 0.85859375 0.02109375 0.03671875 
2 0.96875 0.89453125 0.06015625 0.07421875 
2 0.0984375 0.85078125 0.0171875 0.0203125 
2 0.2 0.85390625 0.01484375 0.02578125 
2 0.01328125 0.8546875 0.02578125 0.04609375 
2 0.4109375 0.859375 0.02578125 0.04375 
2 0.553125 0.8453125 0.01015625 0.0390625 
2 0.1828125 0.846875 0.02578125 0.04296875 
2 0.471875 0.84453125 0.01484375 0.02578125 
2 0.45703125 0.84140625 0.0140625 0.025 
2 0.5828125 0.84296875 0.05078125 0.10078125 
2 0.0359375 0.85546875 0.046875 0.0484375 
2 0.2140625 0.853125 0.01796875 0.03125 
2 0.4828125 0.85859375 0.02890625 0.0390625 
2 0.3390625 0.85859375 0.02890625 0.04140625 
2 0.37578125 0.89921875 0.10546875 0.115625 
2 0.83828125 0.91796875 0.1953125 0.1609375 
2 0.44609375 0.871875 0.046875 0.06640625 
2 0.65625 0.89296875 0.07265625 0.103125 
2 0.72578125 0.9171875 0.103125 0.15859375 
2 0.51953125 0.8734375 0.04765625 0.06796875 
