2 0.725 0.79609375 0.0296875 0.03359375 
2 0.76640625 0.79375 0.01796875 0.02890625 
2 0.465625 0.81640625 0.02734375 0.0296875 
2 0.3359375 0.796875 0.03125 0.0359375 
2 0.80625 0.78515625 0.03125 0.05 
2 0.6953125 0.80078125 0.0359375 0.03125 
7 0.50546875 0.6375 0.01640625 0.015625 
7 0.45 0.640625 0.02109375 0.01640625 
2 0.78125 0.78984375 0.03203125 0.0390625 
2 0.909375 0.88671875 0.18125 0.22578125 
2 0.3953125 0.828125 0.10859375 0.09296875 
2 0.5796875 0.84140625 0.1375 0.1109375 
2 0.47578125 0.91015625 0.259375 0.1796875 
2 0.16328125 0.87109375 0.3265625 0.25390625 
