2 0.8546875 0.66875 0.009375 0.01640625 
2 0.7671875 0.809375 0.02890625 0.0453125 
2 0.73828125 0.803125 0.04609375 0.065625 
2 0.58828125 0.85 0.01484375 0.02578125 
1 0.73671875 0.803125 0.04453125 0.06484375 
5 0.73828125 0.803125 0.04609375 0.065625 
7 0.528125 0.74453125 0.0140625 0.01328125 
2 0.46171875 0.85390625 0.03359375 0.034375 
2 0.1984375 0.81953125 0.071875 0.04296875 
2 0.97265625 0.778125 0.025 0.04921875 
2 0.11875 0.85703125 0.13828125 0.28515625 
2 0.546875 0.8359375 0.07734375 0.0640625 
2 0.4296875 0.86015625 0.040625 0.0609375 
2 0.95078125 0.7828125 0.04375 0.053125 
2 0.3609375 0.9 0.10546875 0.18671875 
2 0.51953125 0.925 0.28046875 0.15 
2 0.25390625 0.9125 0.20078125 0.175 
