7 0.528125 0.74453125 0.01328125 0.01328125 
2 0.7640625 0.80625 0.03046875 0.05390625 
5 0.7359375 0.80703125 0.03046875 0.05625 
2 0.7359375 0.80703125 0.03046875 0.05546875 
2 0.11953125 0.85703125 0.13359375 0.2859375 
2 0.86875 0.80546875 0.01640625 0.028125 
2 0.8296875 0.80546875 0.03125 0.0515625 
2 0.42890625 0.86015625 0.040625 0.0609375 
2 0.846875 0.8046875 0.02109375 0.03515625 
2 0.7171875 0.82109375 0.0234375 0.046875 
2 0.9015625 0.79375 0.04296875 0.04609375 
2 0.37109375 0.9015625 0.08671875 0.1765625 
2 0.5453125 0.834375 0.07734375 0.0640625 
2 0.4703125 0.8515625 0.04140625 0.03828125 
2 0.971875 0.78203125 0.05625 0.05546875 
2 0.79609375 0.809375 0.0796875 0.065625 
2 0.5203125 0.925 0.2796875 0.15 
2 0.625 0.8375 0.07890625 0.0640625 
2 0.253125 0.9125 0.203125 0.175 
