2 0.28359375 0.8109375 0.034375 0.0484375 
7 0.45 0.64140625 0.02109375 0.015625 
2 0.42421875 0.81875 0.03203125 0.0359375 
2 0.2640625 0.8109375 0.03828125 0.0640625 
2 0.40625 0.815625 0.028125 0.03515625 
7 0.50625 0.6375 0.01640625 0.015625 
2 0.46015625 0.8125 0.06484375 0.04921875 
2 0.73359375 0.79453125 0.06328125 0.03984375 
2 0.97421875 0.76953125 0.0515625 0.04296875 
2 0.9109375 0.89453125 0.178125 0.2109375 
2 0.475 0.91171875 0.25859375 0.17578125 
2 0.15546875 0.86953125 0.3109375 0.2546875 
