2 0.56640625 0.83125 0.03125 0.03359375 
3 0.96015625 0.871875 0.07890625 0.25625 
2 0.50703125 0.81953125 0.02890625 0.034375 
7 0.15546875 0.396875 0.03203125 0.028125 
2 0.75546875 0.8234375 0.03828125 0.06171875 
2 0.9609375 0.87109375 0.078125 0.2546875 
2 0.8671875 0.7984375 0.04453125 0.04140625 
2 0.47578125 0.83671875 0.01875 0.03203125 
7 0.49296875 0.63046875 0.02890625 0.0203125 
2 0.44453125 0.84375 0.0328125 0.04140625 
7 0.57890625 0.6234375 0.028125 0.0203125 
2 0.90703125 0.790625 0.028125 0.05078125 
2 0.6921875 0.87890625 0.12421875 0.21640625 
2 0.14453125 0.928125 0.2859375 0.14375 
2 0.52890625 0.91171875 0.140625 0.175 
7 0.4859375 0.73515625 0.01875 0.009375 
