6 0.565625 0.50546875 0.0484375 0.028125 
3 0.19609375 0.82890625 0.1625 0.18828125 
2 0.56796875 0.79609375 0.01484375 0.01796875 
2 0.54140625 0.79609375 0.01796875 0.02578125 
2 0.609375 0.796875 0.02734375 0.03515625 
2 0.521875 0.803125 0.02265625 0.028125 
2 0.3953125 0.8171875 0.03671875 0.04921875 
2 0.49140625 0.80625 0.03125 0.03828125 
2 0.425 0.821875 0.03828125 0.046875 
2 0.19609375 0.871875 0.134375 0.140625 
2 0.3578125 0.915625 0.14609375 0.16875 
6 0.4671875 0.51015625 0.04921875 0.025 
