2 0.296875 0.94609375 0.03984375 0.09375 
2 0.97265625 0.8390625 0.034375 0.059375 
2 0.26171875 0.90703125 0.04765625 0.071875 
2 0.41171875 0.903125 0.0265625 0.04296875 
2 0.284375 0.903125 0.03359375 0.0453125 
2 0.51640625 0.896875 0.0234375 0.03125 
2 0.48984375 0.884375 0.0328125 0.0546875 
2 0.396875 0.90703125 0.01484375 0.0296875 
2 0.2921875 0.9171875 0.03203125 0.053125 
2 0.37421875 0.90546875 0.0328125 0.03671875 
2 0.33203125 0.89609375 0.03515625 0.06171875 
2 0.140625 0.90859375 0.28125 0.1796875 
2 0.4515625 0.88671875 0.05546875 0.08125 
