2 0.39609375 0.8234375 0.02421875 0.03984375 
2 0.440625 0.83515625 0.01875 0.021875 
2 0.48984375 0.85390625 0.01796875 0.034375 
2 0.36796875 0.85546875 0.01953125 0.03359375 
2 0.025 0.88984375 0.04921875 0.14296875 
2 0.5234375 0.8765625 0.05625 0.084375 
2 0.3328125 0.8609375 0.0421875 0.0484375 
2 0.39765625 0.89296875 0.08046875 0.1 
2 0.465625 0.8609375 0.04140625 0.0640625 
2 0.17109375 0.8953125 0.32890625 0.209375 
6 0.4984375 0.75390625 0.01171875 0.009375 
6 0.46875 0.7578125 0.01171875 0.01015625 
