2 0.02578125 0.90234375 0.05 0.09921875 
2 0.45078125 0.8375 0.01015625 0.01796875 
2 0.49921875 0.8453125 0.015625 0.028125 
2 0.425 0.8390625 0.01875 0.01953125 
2 0.48359375 0.8515625 0.01640625 0.03828125 
2 0.01171875 0.90703125 0.02265625 0.140625 
6 0.47578125 0.709375 0.01640625 0.015625 
6 0.428125 0.7140625 0.0171875 0.01640625 
2 0.46640625 0.86484375 0.03828125 0.06328125 
2 0.51875 0.8859375 0.06171875 0.0890625 
2 0.33984375 0.9265625 0.125 0.14609375 
6 0.48984375 0.75703125 0.01015625 0.00625 
