2 0.45625 0.8078125 0.01640625 0.0234375 
2 0.4796875 0.8140625 0.03671875 0.06484375 
2 0.621875 0.80546875 0.02265625 0.028125 
2 0.9921875 0.728125 0.015625 0.04609375 
2 0.53828125 0.828125 0.1328125 0.109375 
2 0.6484375 0.79921875 0.03515625 0.0390625 
2 0.60390625 0.834375 0.034375 0.06015625 
7 0.50546875 0.6375 0.01640625 0.015625 
7 0.45 0.640625 0.02109375 0.01640625 
2 0.43359375 0.81640625 0.05859375 0.0515625 
2 0.78203125 0.7984375 0.0546875 0.1109375 
2 0.37734375 0.84140625 0.1 0.10390625 
2 0.475 0.909375 0.26171875 0.18125 
2 0.91171875 0.88046875 0.1765625 0.2390625 
2 0.16171875 0.8703125 0.3234375 0.253125 
