2 0.6875 0.83125 0.02734375 0.0359375 
2 0.35859375 0.84296875 0.01640625 0.028125 
2 0.0484375 0.8578125 0.03671875 0.046875 
2 0.959375 0.803125 0.025 0.0390625 
2 0.23046875 0.8328125 0.02578125 0.03984375 
8 0.61328125 0.684375 0.0234375 0.0125 
2 0.021875 0.859375 0.04140625 0.05546875 
2 0.31015625 0.8484375 0.028125 0.03359375 
2 0.9390625 0.8078125 0.04453125 0.04375 
2 0.6109375 0.8359375 0.02265625 0.03203125 
2 0.515625 0.83046875 0.01484375 0.0234375 
2 0.9765625 0.8015625 0.04453125 0.046875 
8 0.56171875 0.6875 0.0234375 0.0140625 
2 0.33984375 0.846875 0.03828125 0.0390625 
2 0.196875 0.8609375 0.07265625 0.0703125 
2 0.2640625 0.86953125 0.06796875 0.10390625 
2 0.63828125 0.865625 0.06640625 0.08359375 
