2 0.46484375 0.8546875 0.02578125 0.03515625 
2 0.53984375 0.84453125 0.021875 0.0359375 
2 0.346875 0.84140625 0.01796875 0.01953125 
2 0.390625 0.84140625 0.02109375 0.028125 
2 0.46171875 0.84609375 0.01875 0.0265625 
2 0.49140625 0.8515625 0.01875 0.0265625 
2 0.52890625 0.85546875 0.02734375 0.03828125 
2 0.58046875 0.8484375 0.015625 0.034375 
2 0.47109375 0.8671875 0.03359375 0.05078125 
2 0.59453125 0.85546875 0.03125 0.04609375 
2 0.346875 0.8859375 0.065625 0.07578125 
2 0.4265625 0.88515625 0.065625 0.09296875 
2 0.1859375 0.90078125 0.28046875 0.1984375 
