2 0.63046875 0.784375 0.04765625 0.08203125 
2 0.69453125 0.778125 0.0390625 0.03828125 
2 0.73984375 0.75703125 0.0390625 0.06640625 
7 0.5015625 0.62890625 0.015625 0.0140625 
2 0.98359375 0.74921875 0.03125 0.0390625 
2 0.9359375 0.7640625 0.034375 0.06640625 
5 0.740625 0.75546875 0.03984375 0.06875 
2 0.78828125 0.7640625 0.0375 0.046875 
2 0.98671875 0.76875 0.02578125 0.06640625 
2 0.6453125 0.7765625 0.04140625 0.075 
7 0.45 0.63203125 0.0203125 0.015625 
2 0.88203125 0.76171875 0.0953125 0.08203125 
5 0.59453125 0.775 0.10546875 0.109375 
2 0.834375 0.8859375 0.265625 0.228125 
2 0.48828125 0.90078125 0.178125 0.190625 
2 0.24375 0.8765625 0.24609375 0.24453125 
