2 0.79140625 0.834375 0.021875 0.04140625 
2 0.4609375 0.825 0.01796875 0.01875 
2 0.61484375 0.9265625 0.040625 0.14609375 
2 0.6765625 0.45546875 0.0234375 0.02578125 
2 0.13203125 0.928125 0.078125 0.14296875 
2 0.51796875 0.84453125 0.0203125 0.03828125 
2 0.53203125 0.81875 0.015625 0.03046875 
2 0.7375 0.84296875 0.06015625 0.0453125 
2 0.2703125 0.8765625 0.06796875 0.05 
2 0.49453125 0.86015625 0.0375 0.05703125 
2 0.55234375 0.8609375 0.03125 0.053125 
2 0.3828125 0.86953125 0.0421875 0.05 
2 0.08359375 0.92421875 0.1671875 0.1484375 
2 0.4515625 0.88125 0.05625 0.09453125 
2 0.67109375 0.92421875 0.140625 0.15 
6 0.56640625 0.721875 0.0140625 0.01015625 
6 0.52890625 0.72421875 0.0125 0.0109375 
