2 0.38984375 0.8375 0.025 0.04140625 
2 0.5828125 0.82109375 0.02578125 0.03125 
7 0.14609375 0.384375 0.03203125 0.0265625 
2 0.421875 0.85078125 0.0203125 0.03046875 
2 0.4140625 0.85625 0.021875 0.03515625 
2 0.47421875 0.8421875 0.01953125 0.03203125 
7 0.59609375 0.59296875 0.03203125 0.0234375 
7 0.49609375 0.60390625 0.03515625 0.02421875 
2 0.446875 0.85 0.025 0.03359375 
2 0.67421875 0.89609375 0.07578125 0.153125 
2 0.8046875 0.87890625 0.17421875 0.2390625 
2 0.13203125 0.93203125 0.26171875 0.13515625 
2 0.53984375 0.9109375 0.175 0.17421875 
7 0.49140625 0.73671875 0.0171875 0.01015625 
