3 0.64921875 0.821875 0.11875 0.240625 
2 0.259375 0.85390625 0.0171875 0.02578125 
2 0.16328125 0.93046875 0.29296875 0.1390625 
2 0.08046875 0.8515625 0.02265625 0.034375 
2 0.28515625 0.84296875 0.02109375 0.04140625 
2 0.20234375 0.85625 0.0171875 0.028125 
2 0.23203125 0.85390625 0.0203125 0.03046875 
2 0.2171875 0.853125 0.0140625 0.03046875 
2 0.47421875 0.8390625 0.01796875 0.0265625 
2 0.490625 0.8390625 0.01484375 0.02578125 
2 0.575 0.83828125 0.02578125 0.046875 
2 0.33828125 0.8515625 0.021875 0.025 
2 0.51484375 0.85 0.021875 0.03359375 
2 0.1078125 0.85546875 0.01953125 0.03359375 
2 0.46171875 0.87109375 0.04140625 0.06484375 
2 0.53203125 0.87890625 0.05703125 0.07890625 
2 0.403125 0.90859375 0.11953125 0.1390625 
