2 0.32109375 0.859375 0.02109375 0.02578125 
2 0.34453125 0.890625 0.0265625 0.0640625 
2 0.90390625 0.8078125 0.0234375 0.034375 
2 0.03046875 0.85859375 0.04296875 0.03125 
4 0.34453125 0.8890625 0.0265625 0.06328125 
7 0.19140625 0.615625 0.01953125 0.01953125 
2 0.01015625 0.92109375 0.0203125 0.1453125 
2 0.43828125 0.84921875 0.021875 0.0359375 
2 0.70625 0.83671875 0.0484375 0.04375 
7 0.2890625 0.6078125 0.03515625 0.0234375 
2 0.240625 0.8625 0.0296875 0.03203125 
2 0.1421875 0.92421875 0.284375 0.1515625 
7 0.45625 0.72890625 0.021875 0.0125 
7 0.40390625 0.73125 0.0234375 0.01328125 
