5 0.778125 0.86015625 0.08359375 0.15390625 
2 0.9328125 0.86953125 0.06171875 0.08984375 
2 0.71328125 0.8234375 0.01875 0.025 
2 0.9875 0.8375 0.025 0.0640625 
2 0.73203125 0.82578125 0.021875 0.03359375 
2 0.68671875 0.84140625 0.0203125 0.04453125 
2 0.5515625 0.853125 0.04453125 0.04296875 
2 0.96484375 0.9 0.06875 0.1984375 
2 0.6078125 0.846875 0.0421875 0.05703125 
2 0.353125 0.87890625 0.07734375 0.06796875 
2 0.6625 0.84453125 0.0421875 0.059375 
2 0.878125 0.91015625 0.16640625 0.17578125 
