2 0.790625 0.86640625 0.13359375 0.20703125 
2 0.49296875 0.83828125 0.01953125 0.03046875 
2 0.353125 0.83984375 0.02890625 0.0390625 
2 0.58203125 0.828125 0.0234375 0.03828125 
2 0.99296875 0.778125 0.0140625 0.1015625 
5 0.11015625 0.88671875 0.16015625 0.2265625 
2 0.9 0.871875 0.19765625 0.246875 
2 0.10859375 0.8875 0.16015625 0.2234375 
2 0.4390625 0.86015625 0.02890625 0.0390625 
7 0.603125 0.578125 0.0421875 0.02578125 
2 0.703125 0.9109375 0.1 0.16015625 
7 0.490625 0.590625 0.04296875 0.02890625 
2 0.53671875 0.91640625 0.24453125 0.16640625 
