7 0.528125 0.74453125 0.01484375 0.01328125 
5 0.7375 0.80546875 0.0453125 0.0609375 
2 0.11953125 0.85625 0.13515625 0.28671875 
2 0.7390625 0.80390625 0.0453125 0.0640625 
2 0.76953125 0.81015625 0.025 0.04453125 
2 0.96484375 0.79375 0.04375 0.05546875 
2 0.90625 0.78671875 0.028125 0.05 
2 0.42890625 0.86015625 0.03984375 0.0609375 
2 0.5453125 0.8359375 0.08203125 0.06484375 
2 0.928125 0.79140625 0.053125 0.05 
2 0.48359375 0.85 0.03828125 0.0390625 
2 0.51953125 0.928125 0.278125 0.14296875 
2 0.35546875 0.89921875 0.11328125 0.18359375 
2 0.253125 0.9125 0.2 0.175 
