2 0.48359375 0.8296875 0.01640625 0.021875 
2 0.85703125 0.85859375 0.0328125 0.0546875 
2 0.97734375 0.840625 0.040625 0.10390625 
2 0.64296875 0.86484375 0.040625 0.040625 
2 0.890625 0.8265625 0.05625 0.078125 
2 0.93046875 0.82890625 0.1078125 0.10859375 
2 0.50390625 0.8484375 0.03125 0.04921875 
2 0.44140625 0.8578125 0.02578125 0.0453125 
2 0.3671875 0.85703125 0.03671875 0.04140625 
2 0.03828125 0.921875 0.07578125 0.153125 
2 0.46875 0.87578125 0.053125 0.08046875 
2 0.22890625 0.9203125 0.1609375 0.159375 
2 0.56015625 0.8890625 0.09296875 0.140625 
2 0.7234375 0.9140625 0.13203125 0.15 
