3 0.75078125 0.809375 0.16640625 0.31953125 
5 0.61796875 0.80703125 0.05625 0.13828125 
2 0.61796875 0.8078125 0.05703125 0.1359375 
2 0.56796875 0.81640625 0.0125 0.02578125 
2 0.434375 0.809375 0.02265625 0.0453125 
2 0.55 0.81171875 0.01875 0.028125 
2 0.50234375 0.8109375 0.0203125 0.02890625 
2 0.52265625 0.81171875 0.02578125 0.03359375 
2 0.58125 0.81640625 0.01640625 0.0390625 
2 0.4140625 0.82109375 0.0359375 0.05703125 
2 0.53828125 0.84140625 0.0484375 0.06484375 
2 0.0703125 0.878125 0.140625 0.21875 
2 0.3109375 0.8625 0.1046875 0.13203125 
2 0.384375 0.84921875 0.06484375 0.084375 
2 0.46875 0.85859375 0.075 0.1015625 
2 0.18203125 0.90703125 0.35625 0.18515625 
