2 0.72578125 0.796875 0.0296875 0.03125 
5 0.7546875 0.77109375 0.03828125 0.0734375 
2 0.40703125 0.7890625 0.0109375 0.01875 
2 0.9125 0.775 0.03125 0.03515625 
2 0.67578125 0.825 0.0359375 0.071875 
2 0.35 0.81484375 0.02734375 0.040625 
2 0.875 0.784375 0.034375 0.02890625 
2 0.36875 0.80859375 0.05078125 0.053125 
2 0.7546875 0.77265625 0.0390625 0.07109375 
7 0.45 0.640625 0.02109375 0.015625 
2 0.44921875 0.803125 0.01484375 0.02578125 
7 0.50625 0.6375 0.01640625 0.015625 
2 0.990625 0.76875 0.01640625 0.03359375 
2 0.67265625 0.79453125 0.02890625 0.03671875 
2 0.78671875 0.78203125 0.0390625 0.05 
2 0.51171875 0.81484375 0.046875 0.040625 
2 0.61796875 0.82578125 0.128125 0.09140625 
2 0.9109375 0.890625 0.17578125 0.21875 
2 0.4765625 0.909375 0.26015625 0.18046875 
2 0.14921875 0.8703125 0.2984375 0.25546875 
