1 0.69765625 0.8640625 0.03828125 0.08984375 
2 0.96328125 0.65859375 0.0296875 0.0390625 
2 0.64296875 0.78671875 0.0375 0.040625 
2 0.37890625 0.82890625 0.040625 0.04140625 
2 0.69765625 0.86640625 0.0375 0.084375 
2 0.41796875 0.80625 0.01953125 0.03125 
2 0.803125 0.81640625 0.03984375 0.0796875 
2 0.86796875 0.828125 0.1078125 0.10703125 
2 0.9484375 0.87421875 0.10078125 0.18515625 
2 0.39921875 0.884375 0.10859375 0.128125 
7 0.4578125 0.5796875 0.03125 0.02109375 
7 0.5625 0.575 0.03125 0.02109375 
16 0.6421875 0.73203125 0.0109375 0.0484375 
