2 0.36875 0.81171875 0.01796875 0.03828125 
2 0.39140625 0.81328125 0.04453125 0.046875 
2 0.90859375 0.77578125 0.0328125 0.0359375 
5 0.75546875 0.771875 0.03828125 0.0734375 
2 0.87421875 0.77890625 0.0265625 0.03203125 
2 0.709375 0.79375 0.040625 0.04296875 
7 0.50625 0.6375 0.0171875 0.015625 
2 0.75625 0.77265625 0.0390625 0.07109375 
7 0.45 0.640625 0.0203125 0.015625 
2 0.990625 0.76640625 0.01875 0.03828125 
2 0.40703125 0.82578125 0.046875 0.065625 
2 0.790625 0.78203125 0.03359375 0.05 
2 0.5609375 0.81328125 0.04921875 0.04375 
2 0.909375 0.890625 0.17890625 0.21875 
2 0.47578125 0.90390625 0.2609375 0.19140625 
2 0.1609375 0.8703125 0.32109375 0.25546875 
