2 0.159375 0.878125 0.02109375 0.03359375 
2 0.44140625 0.8515625 0.021875 0.04453125 
2 0.7859375 0.81484375 0.02734375 0.03359375 
7 0.134375 0.37890625 0.0328125 0.025 
2 0.76640625 0.84375 0.028125 0.046875 
7 0.603125 0.578125 0.04140625 0.02578125 
2 0.18828125 0.878125 0.06640625 0.05390625 
2 0.71171875 0.9109375 0.1203125 0.171875 
2 0.0203125 0.87421875 0.03984375 0.05 
7 0.490625 0.590625 0.04296875 0.02890625 
2 0.88984375 0.87421875 0.2203125 0.2515625 
2 0.53671875 0.9171875 0.2453125 0.165625 
