2 0.87578125 0.8171875 0.01875 0.0265625 
2 0.51875 0.83046875 0.01484375 0.02421875 
2 0.4328125 0.83984375 0.01953125 0.0390625 
2 0.484375 0.8265625 0.0125 0.0234375 
2 0.3796875 0.84296875 0.03359375 0.03046875 
2 0.234375 0.86796875 0.034375 0.0546875 
2 0.5390625 0.85 0.03046875 0.04609375 
2 0.79375 0.86953125 0.05390625 0.10546875 
2 0.3390625 0.88984375 0.04609375 0.08359375 
2 0.46171875 0.86875 0.046875 0.075 
2 0.88671875 0.875 0.0734375 0.090625 
2 0.278125 0.89921875 0.09296875 0.125 
2 0.61953125 0.8734375 0.05859375 0.06484375 
2 0.38984375 0.91640625 0.09921875 0.12890625 
