2 0.31796875 0.85390625 0.025 0.03046875 
2 0.0078125 0.87109375 0.015625 0.05546875 
2 0.26015625 0.8625 0.01953125 0.02890625 
2 0.02109375 0.8765625 0.040625 0.05546875 
2 0.36328125 0.8515625 0.02265625 0.0296875 
7 0.5640625 0.646875 0.02578125 0.0203125 
2 0.2859375 0.85859375 0.0328125 0.04609375 
2 0.1859375 0.86328125 0.03671875 0.040625 
2 0.2296875 0.865625 0.03828125 0.04296875 
2 0.81953125 0.86328125 0.190625 0.134375 
2 0.48984375 0.88125 0.1421875 0.09296875 
2 0.0671875 0.871875 0.06796875 0.06953125 
