2 0.63671875 0.81953125 0.02109375 0.02421875 
2 0.84140625 0.8078125 0.040625 0.0546875 
2 0.69140625 0.79296875 0.01171875 0.01796875 
2 0.65546875 0.81953125 0.01875 0.028125 
2 0.8203125 0.81171875 0.034375 0.053125 
2 0.790625 0.81015625 0.03125 0.04609375 
2 0.50546875 0.853125 0.0234375 0.053125 
2 0.6265625 0.86953125 0.03046875 0.08671875 
2 0.740625 0.8734375 0.07890625 0.10546875 
2 0.9421875 0.90859375 0.115625 0.1796875 
2 0.1203125 0.8890625 0.13515625 0.128125 
2 0.36171875 0.915625 0.1328125 0.16875 
2 0.5671875 0.89921875 0.128125 0.1984375 
6 0.57265625 0.6640625 0.021875 0.01328125 
6 0.6296875 0.66015625 0.0234375 0.0140625 
