2 0.584375 0.84296875 0.01796875 0.03828125 
7 0.528125 0.74453125 0.01484375 0.01484375 
2 0.90546875 0.78359375 0.0234375 0.04453125 
2 0.11875 0.85703125 0.13359375 0.2859375 
2 0.6 0.84140625 0.03125 0.03515625 
2 0.9796875 0.77890625 0.040625 0.05 
2 0.9265625 0.78671875 0.06171875 0.0609375 
2 0.54765625 0.8359375 0.08046875 0.065625 
2 0.36875 0.903125 0.08671875 0.18046875 
2 0.73515625 0.821875 0.05703125 0.0640625 
2 0.51953125 0.92421875 0.28046875 0.1515625 
2 0.25234375 0.9125 0.2015625 0.175 
