2 0.51328125 0.86328125 0.03671875 0.05859375 
2 0.56328125 0.8359375 0.00859375 0.01953125 
2 0.43515625 0.846875 0.02265625 0.03046875 
2 0.584375 0.84296875 0.0296875 0.05546875 
2 0.53125 0.8390625 0.0140625 0.021875 
2 0.6078125 0.8484375 0.04765625 0.05 
2 0.55 0.84140625 0.02109375 0.03046875 
2 0.121875 0.93046875 0.24296875 0.1390625 
2 0.26328125 0.87578125 0.04921875 0.059375 
2 0.3390625 0.8703125 0.05078125 0.06640625 
2 0.46796875 0.91953125 0.14765625 0.15703125 
6 0.56328125 0.72109375 0.021875 0.01171875 
6 0.51953125 0.725 0.015625 0.009375 
