2 0.73359375 0.8359375 0.0125 0.053125 
2 0.31484375 0.840625 0.01328125 0.04375 
2 0.534375 0.79296875 0.01484375 0.02109375 
2 0.43359375 0.81484375 0.01875 0.021875 
2 0.56875 0.79453125 0.02109375 0.0296875 
2 0.84375 0.82890625 0.028125 0.05 
2 0.36171875 0.825 0.0171875 0.03515625 
2 0.4859375 0.84140625 0.0328125 0.0484375 
2 0.34609375 0.828125 0.01796875 0.0515625 
2 0.7125 0.2859375 0.03515625 0.04296875 
2 0.7796875 0.8390625 0.07890625 0.059375 
2 0.20390625 0.88203125 0.03984375 0.06953125 
2 0.45234375 0.8609375 0.04609375 0.090625 
2 0.3328125 0.8390625 0.03046875 0.0515625 
2 0.5359375 0.84375 0.02890625 0.05 
2 0.14296875 0.89921875 0.11640625 0.109375 
2 0.64296875 0.92109375 0.13828125 0.15625 
6 0.55390625 0.6875 0.0171875 0.01171875 
6 0.50703125 0.69140625 0.01640625 0.0125 
