2 0.46640625 0.85625 0.040625 0.05859375 
2 0.4140625 0.84375 0.01328125 0.0203125 
2 0.7484375 0.82421875 0.02734375 0.04375 
2 0.69921875 0.8265625 0.021875 0.0265625 
2 0.3125 0.84765625 0.02734375 0.025 
2 0.5203125 0.8453125 0.034375 0.0390625 
7 0.21640625 0.47890625 0.028125 0.025 
2 0.5796875 0.83828125 0.03828125 0.03359375 
2 0.43359375 0.84609375 0.0203125 0.03203125 
2 0.32578125 0.86953125 0.07109375 0.0546875 
2 0.62890625 0.85390625 0.040625 0.046875 
2 0.5578125 0.92109375 0.1515625 0.15390625 
7 0.55234375 0.71640625 0.01953125 0.0109375 
7 0.50234375 0.72109375 0.0203125 0.00859375 
