2 0.621875 0.86015625 0.01484375 0.0390625 
6 0.584375 0.7265625 0.01484375 0.0140625 
2 0.56640625 0.85078125 0.0375 0.05703125 
0 0.04609375 0.8578125 0.01640625 0.09140625 
2 0.68828125 0.86015625 0.0390625 0.0609375 
2 0.5421875 0.84453125 0.01171875 0.025 
2 0.94140625 0.82421875 0.1171875 0.3390625 
6 0.5390625 0.728125 0.0171875 0.0140625 
2 0.3375 0.85859375 0.03125 0.0390625 
2 0.3578125 0.85703125 0.03984375 0.040625 
2 0.596875 0.87421875 0.05234375 0.0703125 
2 0.7578125 0.903125 0.196875 0.19140625 
17 0.26796875 0.7828125 0.00859375 0.034375 
