2 0.75390625 0.7984375 0.02265625 0.02578125 
2 0.72109375 0.8015625 0.02421875 0.0234375 
2 0.7765625 0.79296875 0.01796875 0.0265625 
2 0.4375 0.80390625 0.0109375 0.01796875 
2 0.41640625 0.80078125 0.01328125 0.01953125 
2 0.9390625 0.7734375 0.05625 0.0390625 
2 0.875 0.78203125 0.03515625 0.03203125 
2 0.8296875 0.7890625 0.021875 0.0296875 
2 0.79453125 0.790625 0.025 0.03203125 
2 0.91015625 0.890625 0.1796875 0.21875 
2 0.475 0.9109375 0.259375 0.178125 
2 0.15859375 0.86953125 0.3171875 0.2546875 
11 0.51015625 0.6375 0.0265625 0.01328125 
11 0.45078125 0.63984375 0.02734375 0.0140625 
