2 0.46328125 0.84921875 0.02890625 0.03359375 
2 0.35703125 0.83984375 0.0234375 0.02421875 
2 0.49453125 0.840625 0.015625 0.02578125 
2 0.54765625 0.8375 0.0203125 0.034375 
2 0.3046875 0.846875 0.01796875 0.025 
2 0.4765625 0.8234375 0.01640625 0.021875 
2 0.53671875 0.8484375 0.028125 0.0390625 
2 0.4859375 0.85546875 0.0171875 0.03828125 
2 0.46953125 0.865625 0.034375 0.05859375 
2 0.6015625 0.84921875 0.03359375 0.04921875 
2 0.353125 0.884375 0.065625 0.07578125 
2 0.42265625 0.88515625 0.07109375 0.1 
2 0.1359375 0.89296875 0.271875 0.2140625 
