2 0.3046875 0.85546875 0.02734375 0.0296875 
2 0.828125 0.8359375 0.08359375 0.21171875 
2 0.590625 0.865625 0.0265625 0.06796875 
2 0.6078125 0.8515625 0.01953125 0.03984375 
3 0.828125 0.8375 0.08359375 0.20859375 
2 0.44375 0.88125 0.0390625 0.10390625 
7 0.4265625 0.7015625 0.01875 0.01484375 
2 0.6171875 0.86640625 0.02109375 0.06171875 
2 0.6421875 0.884375 0.06171875 0.1046875 
2 0.46171875 0.8640625 0.02578125 0.05625 
2 0.4125 0.89609375 0.06484375 0.13046875 
2 0.096875 0.93125 0.18359375 0.13671875 
2 0.7375 0.91875 0.14140625 0.15859375 
2 0.16875 0.91796875 0.1328125 0.1546875 
2 0.5328125 0.91015625 0.15703125 0.171875 
2 0.25546875 0.90546875 0.08125 0.11484375 
2 0.346875 0.921875 0.14765625 0.1515625 
