2 0.33828125 0.8484375 0.028125 0.0359375 
2 0.37421875 0.8484375 0.03046875 0.0390625 
2 0.2453125 0.86796875 0.03125 0.04375 
2 0.58828125 0.871875 0.06015625 0.0734375 
2 0.128125 0.86796875 0.01796875 0.034375 
2 0.20625 0.8671875 0.0421875 0.046875 
2 0.275 0.86640625 0.03984375 0.046875 
7 0.5640625 0.646875 0.02578125 0.0203125 
2 0.10859375 0.8734375 0.04453125 0.04140625 
2 0.9375 0.825 0.0625 0.06875 
2 0.9765625 0.81484375 0.046875 0.08359375 
2 0.69375 0.8921875 0.22421875 0.1234375 
