2 0.90703125 0.80703125 0.046875 0.09453125 
2 0.99296875 0.7984375 0.0140625 0.11796875 
2 0.15546875 0.9296875 0.29921875 0.140625 
2 0.87578125 0.80546875 0.05 0.08125 
2 0.5203125 0.82734375 0.02578125 0.053125 
2 0.4359375 0.8375 0.0234375 0.03828125 
2 0.934375 0.8078125 0.09375 0.11171875 
2 0.62421875 0.8515625 0.07265625 0.103125 
2 0.39765625 0.87890625 0.07890625 0.128125 
2 0.75546875 0.903125 0.2015625 0.19375 
6 0.54140625 0.64296875 0.02421875 0.0171875 
6 0.459375 0.65078125 0.025 0.01484375 
