1 0.7375 0.8015625 0.0453125 0.065625 
5 0.7390625 0.803125 0.04609375 0.06484375 
2 0.73828125 0.803125 0.04609375 0.06484375 
2 0.76796875 0.809375 0.028125 0.0453125 
2 0.428125 0.86484375 0.0375 0.05546875 
2 0.11953125 0.85703125 0.13359375 0.2859375 
2 0.90703125 0.78828125 0.028125 0.05 
2 0.36796875 0.903125 0.0890625 0.1796875 
2 0.4765625 0.853125 0.03046875 0.034375 
2 0.9359375 0.7890625 0.06328125 0.05390625 
2 0.97265625 0.78359375 0.025 0.040625 
2 0.54765625 0.83515625 0.078125 0.06640625 
2 0.51953125 0.9265625 0.278125 0.1453125 
2 0.253125 0.9125 0.2 0.175 
