2 0.734375 0.8078125 0.04140625 0.05859375 
2 0.97109375 0.77421875 0.025 0.0453125 
7 0.528125 0.74453125 0.01484375 0.01328125 
2 0.42890625 0.86171875 0.040625 0.0609375 
2 0.625 0.83515625 0.03515625 0.05 
2 0.36640625 0.90390625 0.0921875 0.18046875 
2 0.9078125 0.78828125 0.02578125 0.046875 
2 0.5453125 0.834375 0.08125 0.0640625 
2 0.8 0.81171875 0.07734375 0.0609375 
2 0.64609375 0.83515625 0.046875 0.05 
2 0.8578125 0.7984375 0.05546875 0.05078125 
2 0.9421875 0.78359375 0.075 0.06328125 
2 0.51953125 0.925 0.28046875 0.1484375 
2 0.078125 0.85390625 0.15390625 0.28984375 
2 0.2390625 0.9125 0.228125 0.1734375 
