7 0.528125 0.74453125 0.01484375 0.01328125 
2 0.834375 0.80234375 0.01640625 0.04375 
2 0.42890625 0.8609375 0.040625 0.06328125 
2 0.98515625 0.77265625 0.01875 0.03828125 
2 0.08984375 0.85625 0.16640625 0.2859375 
2 0.36953125 0.903125 0.08828125 0.178125 
2 0.546875 0.8359375 0.0828125 0.06484375 
2 0.92109375 0.7875 0.0421875 0.06171875 
2 0.90625 0.78671875 0.02265625 0.046875 
2 0.946875 0.78359375 0.071875 0.06328125 
2 0.51953125 0.92421875 0.2796875 0.15 
2 0.734375 0.8171875 0.053125 0.053125 
2 0.80234375 0.8109375 0.07265625 0.0609375 
2 0.2484375 0.9125 0.21171875 0.1734375 
