2 0.496875 0.815625 0.01484375 0.028125 
2 0.42734375 0.834375 0.02109375 0.0390625 
2 0.8546875 0.80859375 0.034375 0.03125 
2 0.51640625 0.82890625 0.01484375 0.02421875 
2 0.4828125 0.82265625 0.01328125 0.025 
2 0.3703125 0.85703125 0.040625 0.0453125 
2 0.925 0.87109375 0.02734375 0.071875 
2 0.5390625 0.84609375 0.03046875 0.04921875 
2 0.196875 0.8703125 0.04296875 0.06328125 
2 0.61640625 0.86953125 0.05859375 0.06640625 
2 0.3265625 0.89296875 0.05859375 0.09453125 
2 0.46015625 0.86328125 0.046875 0.07890625 
2 0.82421875 0.87578125 0.10625 0.10078125 
2 0.25234375 0.903125 0.10390625 0.14140625 
2 0.39375 0.91328125 0.10078125 0.121875 
