2 0.22109375 0.8640625 0.01875 0.0359375 
2 0.4734375 0.859375 0.0109375 0.0234375 
2 0.5046875 0.85390625 0.01875 0.01875 
2 0.5421875 0.83203125 0.03125 0.04140625 
5 0.10859375 0.83125 0.20625 0.31875 
2 0.246875 0.8609375 0.02421875 0.03359375 
2 0.46171875 0.8609375 0.02890625 0.03515625 
2 0.4328125 0.8671875 0.0390625 0.046875 
2 0.253125 0.890625 0.03828125 0.07421875 
2 0.58125 0.85703125 0.0328125 0.046875 
2 0.33984375 0.90546875 0.1625 0.18515625 
2 0.68671875 0.89140625 0.109375 0.15 
6 0.59140625 0.74140625 0.01796875 0.01015625 
6 0.54765625 0.7421875 0.01796875 0.009375 
