6 0.7046875 0.16875 0.11875 0.05390625 
2 0.6296875 0.83828125 0.040625 0.07578125 
2 0.5734375 0.81015625 0.0171875 0.02421875 
6 0.45078125 0.1859375 0.11171875 0.053125 
2 0.49609375 0.81171875 0.0234375 0.02890625 
2 0.265625 0.884375 0.13984375 0.1609375 
2 0.453125 0.81953125 0.02890625 0.046875 
2 0.54375 0.809375 0.025 0.0265625 
2 0.5953125 0.82109375 0.0234375 0.03828125 
2 0.55078125 0.84765625 0.05 0.06796875 
2 0.52265625 0.81171875 0.021875 0.028125 
2 0.41953125 0.84609375 0.04765625 0.071875 
2 0.16875 0.91796875 0.33671875 0.1640625 
2 0.36171875 0.8609375 0.0859375 0.11640625 
2 0.47421875 0.87109375 0.0828125 0.11328125 
