2 0.76640625 0.79375 0.01875 0.03046875 
2 0.4171875 0.8 0.009375 0.01875 
2 0.7234375 0.79453125 0.03125 0.0359375 
2 0.98515625 0.7890625 0.0296875 0.13046875 
2 0.696875 0.8 0.03984375 0.03359375 
7 0.45 0.640625 0.02109375 0.01640625 
2 0.80703125 0.78515625 0.03359375 0.05 
7 0.50546875 0.6375 0.01640625 0.015625 
2 0.434375 0.809375 0.01484375 0.0234375 
2 0.78046875 0.78984375 0.03203125 0.0390625 
2 0.6640625 0.84453125 0.04765625 0.06640625 
2 0.91015625 0.8859375 0.1796875 0.228125 
2 0.60234375 0.8375 0.11640625 0.10625 
2 0.4765625 0.909375 0.26171875 0.18046875 
2 0.1609375 0.8703125 0.321875 0.25625 
