1 0.7359375 0.803125 0.04296875 0.06484375 
2 0.54609375 0.83515625 0.0828125 0.06640625 
5 0.7359375 0.80546875 0.04296875 0.0609375 
2 0.73671875 0.803125 0.04296875 0.0640625 
2 0.11875 0.85703125 0.1359375 0.2859375 
2 0.7671875 0.80859375 0.03046875 0.046875 
2 0.43203125 0.85859375 0.046875 0.059375 
2 0.90703125 0.78984375 0.03125 0.05 
2 0.971875 0.77890625 0.02734375 0.046875 
2 0.36875 0.903125 0.08828125 0.1796875 
2 0.93828125 0.78828125 0.0640625 0.05546875 
2 0.51953125 0.9203125 0.2796875 0.159375 
2 0.25234375 0.9125 0.2015625 0.175 
6 0.53046875 0.7453125 0.0171875 0.01015625 
