2 0.6296875 0.8125 0.0359375 0.0546875 
2 0.30546875 0.82578125 0.0203125 0.01953125 
2 0.0125 0.840625 0.0234375 0.03828125 
2 0.5421875 0.8265625 0.025 0.02890625 
2 0.25390625 0.83359375 0.01640625 0.02578125 
2 0.39609375 0.834375 0.02265625 0.021875 
2 0.34765625 0.8265625 0.01171875 0.02421875 
2 0.23359375 0.83359375 0.0171875 0.02578125 
2 0.2140625 0.83515625 0.01484375 0.021875 
2 0.2796875 0.85 0.02890625 0.0484375 
2 0.02109375 0.9015625 0.04140625 0.16640625 
2 0.4171875 0.89609375 0.0765625 0.13359375 
2 0.31484375 0.8609375 0.0484375 0.0640625 
2 0.47734375 0.9234375 0.15546875 0.14921875 
