2 0.4015625 0.86171875 0.0140625 0.02890625 
2 0.13984375 0.86953125 0.0234375 0.03515625 
2 0.5546875 0.83046875 0.01796875 0.0203125 
4 0.78984375 0.9234375 0.034375 0.084375 
2 0.3296875 0.8609375 0.0125 0.02578125 
2 0.67578125 0.85625 0.0375 0.03359375 
2 0.6546875 0.86328125 0.025 0.03203125 
2 0.28984375 0.8546875 0.02421875 0.04453125 
2 0.32265625 0.86328125 0.0140625 0.03359375 
2 0.11875 0.86953125 0.021875 0.02578125 
2 0.3515625 0.86171875 0.01875 0.03046875 
2 0.55546875 0.86328125 0.02734375 0.05859375 
2 0.1 0.86875 0.01953125 0.02578125 
3 0.046875 0.8546875 0.08203125 0.09453125 
2 0.5890625 0.85859375 0.01796875 0.03671875 
2 0.19453125 0.8765625 0.02578125 0.0359375 
2 0.30859375 0.865625 0.02578125 0.04296875 
2 0.159375 0.88203125 0.06171875 0.05703125 
2 0.42734375 0.871875 0.0375 0.05 
2 0.00546875 0.8859375 0.01015625 0.0703125 
2 0.278125 0.871875 0.03046875 0.046875 
2 0.6078125 0.86328125 0.03671875 0.0484375 
2 0.3765625 0.90078125 0.07890625 0.10546875 
2 0.49921875 0.91015625 0.12734375 0.1796875 
