2 0.559375 0.8453125 0.01875 0.03515625 
2 0.590625 0.840625 0.01484375 0.03046875 
2 0.70078125 0.83828125 0.01953125 0.02890625 
2 0.509375 0.8390625 0.02734375 0.0265625 
2 0.09609375 0.87890625 0.0546875 0.11640625 
2 0.62109375 0.85703125 0.03046875 0.04453125 
2 0.35625 0.86484375 0.0375 0.0390625 
6 0.4953125 0.5671875 0.0421875 0.0265625 
2 0.48359375 0.85859375 0.03046875 0.03671875 
2 0.0796875 0.91171875 0.1578125 0.1765625 
2 0.553125 0.8703125 0.0375 0.071875 
2 0.2796875 0.87421875 0.046875 0.05546875 
2 0.45703125 0.8578125 0.03203125 0.0359375 
2 0.52421875 0.89765625 0.06875 0.103125 
2 0.40390625 0.9015625 0.084375 0.103125 
15 0.86328125 0.55078125 0.0453125 0.0296875 
6 0.4 0.5703125 0.04609375 0.02578125 
