2 0.3703125 0.84453125 0.028125 0.01875 
3 0.8203125 0.8359375 0.10078125 0.209375 
2 0.59140625 0.86640625 0.02734375 0.06953125 
2 0.6078125 0.85 0.0203125 0.0390625 
2 0.21171875 0.8609375 0.025 0.0296875 
2 0.44375 0.88203125 0.03984375 0.103125 
2 0.61796875 0.86640625 0.021875 0.0640625 
7 0.4265625 0.7015625 0.01875 0.01484375 
2 0.64453125 0.88515625 0.06484375 0.10390625 
2 0.4609375 0.86484375 0.02578125 0.05546875 
2 0.7546875 0.9203125 0.159375 0.159375 
2 0.4125 0.89609375 0.06484375 0.13046875 
2 0.096875 0.93125 0.1859375 0.13671875 
2 0.53203125 0.91015625 0.15703125 0.171875 
2 0.16875 0.91796875 0.1328125 0.153125 
2 0.25546875 0.90546875 0.08046875 0.11484375 
2 0.346875 0.921875 0.14765625 0.1515625 
