2 0.60703125 0.846875 0.01875 0.034375 
2 0.63984375 0.88046875 0.05078125 0.09609375 
2 0.6203125 0.865625 0.02734375 0.06484375 
2 0.15078125 0.87421875 0.021875 0.028125 
2 0.44375 0.84921875 0.021875 0.0359375 
6 0.41484375 0.69296875 0.01953125 0.01484375 
2 0.42109375 0.86953125 0.040625 0.0859375 
2 0.903125 0.87578125 0.19375 0.2484375 
2 0.353125 0.925 0.07421875 0.14453125 
2 0.3828125 0.89375 0.08046875 0.128125 
2 0.73671875 0.91875 0.14375 0.159375 
2 0.52578125 0.90546875 0.21953125 0.17578125 
2 0.1953125 0.915625 0.09921875 0.13515625 
2 0.284375 0.92421875 0.17890625 0.1484375 
2 0.08359375 0.91484375 0.1671875 0.1703125 
