2 0.59765625 0.840625 0.01640625 0.025 
0 0.56328125 0.846875 0.009375 0.0484375 
2 0.3390625 0.84765625 0.03046875 0.0359375 
2 0.84921875 0.8390625 0.0390625 0.03671875 
2 0.2234375 0.875 0.04375 0.07421875 
2 0.36875 0.85078125 0.02109375 0.03125 
2 0.27890625 0.865625 0.04296875 0.0453125 
7 0.5640625 0.64765625 0.02578125 0.01953125 
2 0.40703125 0.8640625 0.03671875 0.06328125 
2 0.94609375 0.83125 0.1015625 0.09140625 
2 0.4375 0.86640625 0.0671875 0.06875 
2 0.62109375 0.8515625 0.03359375 0.0484375 
2 0.1765625 0.87265625 0.1296875 0.096875 
