2 0.8515625 0.77578125 0.021875 0.028125 
7 0.50234375 0.64765625 0.01796875 0.01484375 
7 0.4484375 0.65078125 0.0171875 0.01484375 
2 0.8640625 0.7703125 0.034375 0.0390625 
2 0.77734375 0.76953125 0.02265625 0.03125 
2 0.909375 0.765625 0.021875 0.03515625 
2 0.8875 0.76640625 0.03125 0.03671875 
2 0.9234375 0.76171875 0.025 0.0390625 
2 0.971875 0.75703125 0.03515625 0.03671875 
2 0.9890625 0.7640625 0.021875 0.06796875 
5 0.43125 0.78828125 0.06015625 0.09453125 
2 0.69765625 0.79140625 0.06796875 0.071875 
2 0.4703125 0.79921875 0.05078125 0.075 
2 0.08203125 0.896875 0.16328125 0.20546875 
2 0.4953125 0.90859375 0.14296875 0.17890625 
2 0.76171875 0.8875 0.1984375 0.225 
2 0.296875 0.8859375 0.18828125 0.22421875 
