2 0.9140625 0.778125 0.0375 0.0515625 
2 0.590625 0.8265625 0.0234375 0.025 
2 0.7328125 0.80703125 0.03671875 0.06015625 
5 0.9140625 0.77734375 0.0375 0.053125 
7 0.52734375 0.74453125 0.01328125 0.01328125 
5 0.7328125 0.80703125 0.03671875 0.06015625 
2 0.1203125 0.85703125 0.134375 0.2859375 
2 0.896875 0.79609375 0.025 0.0390625 
2 0.42890625 0.8578125 0.040625 0.05625 
2 0.9421875 0.78828125 0.028125 0.04296875 
2 0.46171875 0.853125 0.02109375 0.03515625 
2 0.8609375 0.8015625 0.03828125 0.04140625 
2 0.659375 0.834375 0.02578125 0.04375 
2 0.3703125 0.90234375 0.08671875 0.1765625 
2 0.5453125 0.8359375 0.0828125 0.06640625 
2 0.7828125 0.8109375 0.0828125 0.06484375 
2 0.96875 0.78203125 0.0625 0.0546875 
2 0.51875 0.9234375 0.28046875 0.15078125 
2 0.6140625 0.8390625 0.0640625 0.06171875 
2 0.25234375 0.9125 0.2015625 0.175 
