5 0.3625 0.896875 0.08203125 0.1984375 
2 0.24453125 0.8640625 0.01953125 0.03359375 
2 0.78671875 0.828125 0.0484375 0.0640625 
2 0.6890625 0.83515625 0.01171875 0.03359375 
2 0.0125 0.87578125 0.02421875 0.08359375 
2 0.7421875 0.8390625 0.02265625 0.0390625 
2 0.80546875 0.8359375 0.03515625 0.0484375 
2 0.02265625 0.85078125 0.02265625 0.0265625 
2 0.9140625 0.79375 0.03203125 0.03984375 
2 0.40390625 0.9015625 0.01640625 0.09296875 
2 0.96015625 0.79609375 0.0625 0.08125 
2 0.509375 0.8546875 0.02109375 0.04453125 
2 0.89375 0.809375 0.05 0.06640625 
2 0.45546875 0.86796875 0.03984375 0.05625 
2 0.41953125 0.8796875 0.040625 0.071875 
2 0.85859375 0.825 0.059375 0.06640625 
2 0.525 0.86875 0.04609375 0.06328125 
