2 0.82890625 0.871875 0.025 0.028125 
2 0.465625 0.8546875 0.0140625 0.02421875 
2 0.81015625 0.9578125 0.05859375 0.08046875 
2 0.08125 0.85625 0.01640625 0.021875 
2 0.475 0.853125 0.01484375 0.02421875 
2 0.1953125 0.8609375 0.0140625 0.02578125 
3 0.584375 0.84296875 0.0546875 0.12109375 
2 0.20546875 0.8609375 0.0203125 0.028125 
2 0.271875 0.859375 0.01640625 0.025 
2 0.55390625 0.85078125 0.01015625 0.0390625 
2 0.175 0.853125 0.0265625 0.0453125 
2 0.58515625 0.84375 0.05625 0.11796875 
2 0.0421875 0.86640625 0.02109375 0.03671875 
2 0.02109375 0.8640625 0.04140625 0.0484375 
2 0.484375 0.86640625 0.02734375 0.03671875 
2 0.44609375 0.88046875 0.046875 0.065625 
2 0.32734375 0.86953125 0.03203125 0.04609375 
2 0.66640625 0.90546875 0.07890625 0.11328125 
2 0.51875 0.88203125 0.04765625 0.06796875 
2 0.8890625 0.9203125 0.21875 0.159375 
2 0.3765625 0.90625 0.10546875 0.11640625 
2 0.75703125 0.921875 0.13203125 0.15390625 
