2 0.65390625 0.84140625 0.01796875 0.05390625 
2 0.00703125 0.88359375 0.0140625 0.08515625 
2 0.58359375 0.83515625 0.021875 0.03671875 
2 0.39453125 0.87109375 0.03359375 0.06640625 
2 0.6359375 0.84609375 0.0296875 0.0453125 
2 0.265625 0.8484375 0.021875 0.03046875 
2 0.53359375 0.86640625 0.0640625 0.06640625 
2 0.3078125 0.86953125 0.05234375 0.0703125 
2 0.2453125 0.87109375 0.05078125 0.0640625 
2 0.36484375 0.8796875 0.07265625 0.09296875 
2 0.475 0.9234375 0.20546875 0.15 
2 0.1875 0.8765625 0.08125 0.09453125 
2 0.06015625 0.89765625 0.11953125 0.11015625 
