2 0.16015625 0.8390625 0.01953125 0.028125 
2 0.421875 0.83203125 0.02890625 0.0390625 
2 0.50859375 0.8390625 0.01953125 0.0265625 
2 0.5578125 0.83203125 0.01796875 0.02890625 
2 0.50078125 0.840625 0.01953125 0.03046875 
2 0.53515625 0.84140625 0.02421875 0.03515625 
2 0.571875 0.83515625 0.02890625 0.040625 
2 0.4484375 0.84609375 0.02421875 0.0359375 
2 0.23984375 0.85390625 0.03359375 0.03671875 
2 0.29453125 0.8515625 0.02890625 0.03359375 
2 0.48359375 0.85 0.03125 0.04453125 
2 0.63046875 0.88671875 0.103125 0.14140625 
