2 0.37109375 0.84609375 0.0140625 0.0296875 
2 0.27265625 0.85546875 0.040625 0.0515625 
2 0.48515625 0.82421875 0.0265625 0.03203125 
2 0.734375 0.84609375 0.0265625 0.03828125 
2 0.33203125 0.84609375 0.01875 0.03359375 
2 0.41796875 0.84609375 0.01875 0.028125 
2 0.38515625 0.846875 0.02421875 0.03359375 
2 0.35390625 0.84609375 0.028125 0.03359375 
2 0.4484375 0.83984375 0.03359375 0.03515625 
2 0.81484375 0.846875 0.0390625 0.05 
2 0.61953125 0.8359375 0.0796875 0.11015625 
2 0.76640625 0.84375 0.05703125 0.05546875 
2 0.9453125 0.85859375 0.10703125 0.10703125 
2 0.2921875 0.85625 0.06796875 0.05859375 
2 0.86171875 0.8546875 0.1015625 0.1015625 
2 0.09140625 0.903125 0.13359375 0.19140625 
