2 0.76640625 0.79375 0.01875 0.02890625 
2 0.725 0.79609375 0.02890625 0.034375 
2 0.46875 0.8140625 0.01875 0.03046875 
2 0.27265625 0.828125 0.040625 0.06875 
2 0.80625 0.784375 0.03125 0.04921875 
2 0.6984375 0.8 0.03828125 0.03359375 
2 0.4546875 0.8234375 0.03671875 0.0453125 
7 0.50625 0.6375 0.0171875 0.015625 
2 0.6609375 0.840625 0.046875 0.059375 
2 0.78046875 0.790625 0.03046875 0.03828125 
2 0.9125 0.8796875 0.175 0.240625 
2 0.47578125 0.91640625 0.25859375 0.16484375 
2 0.1625 0.8734375 0.325 0.25 
