2 0.52734375 0.84921875 0.03125 0.04140625 
2 0.28359375 0.859375 0.0234375 0.04921875 
2 0.515625 0.85859375 0.04140625 0.0546875 
2 0.11953125 0.934375 0.23515625 0.13125 
2 0.64453125 0.83984375 0.02421875 0.05 
2 0.54375 0.83203125 0.015625 0.025 
2 0.11328125 0.88203125 0.06640625 0.07109375 
2 0.5609375 0.8359375 0.01953125 0.028125 
2 0.40859375 0.85859375 0.03203125 0.04609375 
2 0.615625 0.846875 0.05234375 0.05390625 
2 0.4703125 0.91953125 0.14453125 0.15625 
2 0.25625 0.88125 0.07734375 0.09453125 
6 0.51875 0.7125 0.01640625 0.009375 
6 0.56796875 0.70625 0.021875 0.0109375 
