2 0.865625 0.8140625 0.046875 0.05546875 
2 0.34609375 0.84609375 0.01953125 0.0234375 
2 0.659375 0.85 0.0234375 0.0609375 
2 0.4421875 0.85390625 0.01796875 0.0234375 
2 0.31640625 0.878125 0.05234375 0.07421875 
2 0.4109375 0.87890625 0.03828125 0.0765625 
2 0.63359375 0.85390625 0.05234375 0.065625 
2 0.37265625 0.89140625 0.08125 0.0984375 
2 0.04140625 0.90703125 0.08203125 0.12578125 
2 0.1765625 0.9203125 0.2453125 0.159375 
2 0.5078125 0.9203125 0.128125 0.159375 
7 0.446875 0.71328125 0.02265625 0.01171875 
7 0.38515625 0.715625 0.01640625 0.0109375 
17 0.49140625 0.78828125 0.00546875 0.02421875 
