2 0.02265625 0.8828125 0.034375 0.03828125 
2 0.9265625 0.91953125 0.140625 0.15390625 
2 0.58203125 0.8703125 0.028125 0.0515625 
2 0.0203125 0.93125 0.040625 0.134375 
5 0.92734375 0.90859375 0.1421875 0.1703125 
2 0.3765625 0.8671875 0.02109375 0.02890625 
11 0.403125 0.68984375 0.02109375 0.01640625 
2 0.46953125 0.859375 0.0125 0.025 
2 0.6625 0.87109375 0.03828125 0.0609375 
2 0.45390625 0.87421875 0.0296875 0.06640625 
2 0.4171875 0.89140625 0.06953125 0.0984375 
2 0.26171875 0.90078125 0.06484375 0.0984375 
2 0.628125 0.890625 0.065625 0.084375 
2 0.525 0.915625 0.13359375 0.1609375 
2 0.7546875 0.903125 0.175 0.19375 
2 0.32421875 0.92578125 0.15859375 0.1484375 
2 0.12109375 0.92734375 0.18828125 0.1453125 
