2 0.22265625 0.89296875 0.0609375 0.07421875 
2 0.4484375 0.88046875 0.02421875 0.06484375 
2 0.64609375 0.8515625 0.01015625 0.02578125 
2 0.60625 0.8515625 0.0265625 0.03359375 
2 0.51171875 0.86171875 0.02734375 0.028125 
2 0.771875 0.8359375 0.03203125 0.03515625 
2 0.58203125 0.85390625 0.015625 0.02578125 
2 0.42890625 0.875 0.02109375 0.04453125 
2 0.4046875 0.8796875 0.03671875 0.059375 
6 0.4421875 0.69140625 0.02734375 0.01640625 
2 0.55625 0.85546875 0.02734375 0.03515625 
2 0.27421875 0.8765625 0.03828125 0.04296875 
2 0.11640625 0.89765625 0.2328125 0.2046875 
2 0.471875 0.8984375 0.06640625 0.1 
2 0.35234375 0.89921875 0.071875 0.0953125 
6 0.3875 0.69140625 0.0265625 0.01484375 
15 0.66015625 0.6859375 0.02890625 0.0140625 
15 0.715625 0.67890625 0.02734375 0.01328125 
