2 0.89765625 0.87734375 0.2015625 0.2453125 
2 0.83359375 0.8625 0.0625 0.08984375 
2 0.61484375 0.85546875 0.02734375 0.05 
2 0.6453125 0.88359375 0.059375 0.103125 
6 0.4140625 0.69140625 0.0203125 0.01640625 
2 0.734375 0.91796875 0.13984375 0.16171875 
2 0.42265625 0.86640625 0.03125 0.07578125 
2 0.1390625 0.865625 0.03046875 0.04375 
2 0.44375 0.84609375 0.02109375 0.0359375 
2 0.37734375 0.89609375 0.09765625 0.1390625 
2 0.18984375 0.91875 0.10078125 0.14140625 
2 0.28828125 0.9234375 0.20078125 0.153125 
2 0.5265625 0.90703125 0.22421875 0.18125 
2 0.08046875 0.9171875 0.1609375 0.165625 
