2 0.76796875 0.81171875 0.02734375 0.03984375 
7 0.528125 0.74453125 0.01484375 0.01328125 
2 0.11953125 0.85703125 0.13359375 0.2859375 
2 0.42890625 0.8609375 0.0390625 0.0609375 
2 0.49765625 0.84453125 0.028125 0.0390625 
2 0.728125 0.82265625 0.03984375 0.0640625 
2 0.5453125 0.8359375 0.0796875 0.065625 
2 0.90625 0.78671875 0.02734375 0.05 
2 0.3703125 0.9015625 0.08671875 0.1765625 
2 0.934375 0.78984375 0.0625 0.05390625 
2 0.51875 0.92578125 0.28046875 0.146875 
2 0.98125 0.78359375 0.0375 0.05546875 
2 0.253125 0.9125 0.203125 0.175 
