2 0.29921875 0.83828125 0.02578125 0.0265625 
2 0.34296875 0.83125 0.01171875 0.021875 
2 0.46484375 0.83984375 0.028125 0.03125 
2 0.3890625 0.83671875 0.01953125 0.0234375 
2 0.22890625 0.83828125 0.01953125 0.028125 
2 0.2515625 0.83828125 0.01796875 0.028125 
2 0.209375 0.84140625 0.01640625 0.0234375 
2 0.01875 0.9046875 0.03671875 0.15703125 
2 0.27265625 0.8515625 0.03046875 0.0484375 
2 0.309375 0.86484375 0.05 0.0609375 
2 0.41015625 0.9015625 0.07578125 0.1390625 
2 0.47421875 0.9234375 0.159375 0.14609375 
