2 0.6625 0.8265625 0.01015625 0.028125 
2 0.45703125 0.859375 0.01171875 0.02578125 
3 0.0171875 0.83828125 0.034375 0.2171875 
5 0.31015625 0.85390625 0.05078125 0.10625 
2 0.30859375 0.859375 0.05078125 0.09609375 
2 0.35703125 0.871875 0.0359375 0.06484375 
2 0.603125 0.83203125 0.11015625 0.209375 
2 0.6953125 0.871875 0.06796875 0.1015625 
2 0.47421875 0.85703125 0.025 0.03828125 
2 0.440625 0.86171875 0.02890625 0.04609375 
2 0.5015625 0.86328125 0.04296875 0.0546875 
3 0.18671875 0.84296875 0.1640625 0.16953125 
2 0.39375 0.92109375 0.11640625 0.1546875 
