2 0.09765625 0.846875 0.02421875 0.03515625 
2 0.38828125 0.83359375 0.01015625 0.01875 
2 0.08828125 0.84765625 0.02578125 0.0359375 
2 0.40625 0.83046875 0.0171875 0.02421875 
2 0.4625 0.83671875 0.0234375 0.03359375 
2 0.4421875 0.83046875 0.01953125 0.021875 
7 0.62265625 0.50625 0.0203125 0.01796875 
2 0.13359375 0.84453125 0.025 0.03671875 
2 0.171875 0.84375 0.03046875 0.03515625 
2 0.47421875 0.8515625 0.04375 0.05078125 
2 0.20546875 0.84375 0.028125 0.03359375 
2 0.0203125 0.846875 0.02890625 0.04296875 
2 0.06875 0.84765625 0.02578125 0.0359375 
2 0.046875 0.8484375 0.03046875 0.03671875 
2 0.11015625 0.84453125 0.02578125 0.040625 
2 0.00703125 0.8453125 0.0140625 0.046875 
2 0.59765625 0.859375 0.0484375 0.065625 
2 0.565625 0.84453125 0.0265625 0.040625 
2 0.26953125 0.846875 0.0328125 0.03203125 
2 0.3640625 0.9203125 0.21875 0.159375 
2 0.5296875 0.89296875 0.09609375 0.125 
