2 0.75546875 0.80859375 0.0140625 0.028125 
2 0.3890625 0.84140625 0.0140625 0.025 
2 0.184375 0.853125 0.01640625 0.0296875 
2 0.77265625 0.80390625 0.021875 0.03359375 
2 0.990625 0.7796875 0.01875 0.09296875 
2 0.4671875 0.83125 0.02890625 0.04375 
2 0.4109375 0.8671875 0.03984375 0.08203125 
7 0.49765625 0.6609375 0.021875 0.01640625 
2 0.88359375 0.796875 0.05625 0.06640625 
2 0.96796875 0.78671875 0.0578125 0.08984375 
7 0.56640625 0.65546875 0.021875 0.01796875 
2 0.81875 0.803125 0.04140625 0.04375 
2 0.21171875 0.853125 0.05859375 0.04140625 
2 0.67421875 0.8390625 0.03203125 0.06171875 
2 0.634375 0.8640625 0.07734375 0.13125 
2 0.5375 0.9109375 0.1453125 0.17578125 
