2 0.45 0.8578125 0.0171875 0.0359375 
2 0.8765625 0.83671875 0.04375 0.08125 
2 0.49375 0.83828125 0.01484375 0.028125 
2 0.64765625 0.8578125 0.0390625 0.05859375 
2 0.509375 0.8515625 0.03359375 0.0515625 
2 0.38515625 0.85859375 0.0359375 0.04296875 
2 0.903125 0.8359375 0.07890625 0.10078125 
2 0.471875 0.88046875 0.0578125 0.08671875 
2 0.565625 0.89453125 0.09609375 0.146875 
2 0.26640625 0.91875 0.140625 0.15 
2 0.728125 0.915625 0.128125 0.146875 
2 0.07265625 0.92265625 0.14375 0.1546875 
6 0.53359375 0.0640625 0.10625 0.08203125 
6 0.25703125 0.0828125 0.1046875 0.06796875 
