2 0.47578125 0.81953125 0.02265625 0.03125 
2 0.7421875 0.77265625 0.0484375 0.075 
2 0.41171875 0.81953125 0.01953125 0.03125 
2 0.73046875 0.78828125 0.02421875 0.04609375 
2 0.83046875 0.78046875 0.0265625 0.04375 
2 0.3921875 0.81796875 0.0515625 0.0359375 
2 0.4609375 0.81875 0.03203125 0.03359375 
7 0.45 0.64140625 0.01953125 0.015625 
2 0.9859375 0.75703125 0.02578125 0.053125 
7 0.50546875 0.6375 0.01640625 0.015625 
2 0.77109375 0.784375 0.040625 0.05 
2 0.3375 0.81796875 0.0515625 0.0390625 
2 0.9046875 0.8890625 0.190625 0.22109375 
2 0.47578125 0.91171875 0.25859375 0.17578125 
2 0.16171875 0.8703125 0.3234375 0.25546875 
