2 0.35 0.8453125 0.03125 0.05 
2 0.13125 0.8546875 0.0921875 0.090625 
2 0.41796875 0.8609375 0.01875 0.03125 
5 0.975 0.66015625 0.05 0.10390625 
2 0.440625 0.85859375 0.02265625 0.03515625 
2 0.09453125 0.859375 0.03125 0.06640625 
2 0.7859375 0.81953125 0.02421875 0.03515625 
2 0.40625 0.86484375 0.0265625 0.03359375 
7 0.603125 0.57890625 0.04140625 0.02578125 
2 0.76796875 0.8484375 0.03125 0.05546875 
7 0.490625 0.590625 0.04296875 0.02890625 
2 0.71171875 0.91328125 0.12578125 0.16953125 
2 0.0359375 0.87421875 0.071875 0.0515625 
2 0.8921875 0.87109375 0.21328125 0.25703125 
2 0.5375 0.915625 0.2453125 0.16875 
