2 0.77421875 0.8296875 0.01875 0.021875 
2 0.58828125 0.84609375 0.021875 0.03359375 
2 0.51640625 0.8578125 0.01640625 0.034375 
2 0.6703125 0.859375 0.0265625 0.04375 
2 0.28203125 0.87578125 0.0375 0.046875 
2 0.6484375 0.8625 0.0265625 0.04375 
6 0.49375 0.49453125 0.0578125 0.03203125 
2 0.57734375 0.87421875 0.04375 0.071875 
2 0.30234375 0.875 0.046875 0.0484375 
2 0.06171875 0.92109375 0.12265625 0.15703125 
2 0.49140625 0.8640625 0.0421875 0.04609375 
2 0.54375 0.90625 0.07109375 0.0984375 
2 0.19296875 0.8875 0.06328125 0.0734375 
2 0.4203125 0.90546875 0.08671875 0.10703125 
15 0.36953125 0.4984375 0.0609375 0.034375 
