1 0.6453125 0.79453125 0.03828125 0.05 
2 0.6453125 0.79765625 0.03828125 0.04375 
2 0.9125 0.828125 0.0625 0.09375 
2 0.05 0.80625 0.03515625 0.05 
2 0.01015625 0.8 0.0203125 0.059375 
2 0.79140625 0.78046875 0.02109375 0.03515625 
2 0.3140625 0.83515625 0.05703125 0.0890625 
2 0.33828125 0.8359375 0.06328125 0.09140625 
2 0.44453125 0.8078125 0.05625 0.075 
6 0.6359375 0.540625 0.03203125 0.025 
2 0.884375 0.784375 0.03515625 0.053125 
6 0.75078125 0.54375 0.03125 0.025 
2 0.38828125 0.80703125 0.04453125 0.0546875 
2 0.16875 0.82578125 0.10234375 0.08046875 
2 0.7625 0.790625 0.0484375 0.06640625 
2 0.81953125 0.79609375 0.04453125 0.06640625 
