2 0.63046875 0.86875 0.03359375 0.0703125 
5 0.96328125 0.8265625 0.07265625 0.346875 
2 0.20078125 0.87109375 0.025 0.03125 
2 0.3703125 0.84453125 0.03046875 0.01875 
2 0.61796875 0.8640625 0.025 0.059375 
2 0.30390625 0.85546875 0.02734375 0.03359375 
2 0.590625 0.86640625 0.02890625 0.07109375 
2 0.44296875 0.88125 0.040625 0.103125 
7 0.4234375 0.703125 0.01875 0.01484375 
2 0.709375 0.8765625 0.046875 0.07890625 
2 0.46171875 0.865625 0.02578125 0.05859375 
2 0.6484375 0.884375 0.07421875 0.09453125 
2 0.41328125 0.89609375 0.06328125 0.13046875 
2 0.10078125 0.91953125 0.18828125 0.15625 
2 0.53203125 0.909375 0.15625 0.17421875 
2 0.2484375 0.90625 0.09453125 0.115625 
2 0.346875 0.921875 0.14765625 0.1515625 
