2 0.22265625 0.85390625 0.03203125 0.0359375 
2 0.97265625 0.9234375 0.0421875 0.05703125 
2 0.71875 0.83203125 0.0375 0.04453125 
2 0.18671875 0.85390625 0.040625 0.0484375 
2 0.13359375 0.85703125 0.02421875 0.0453125 
2 0.1734375 0.853125 0.0234375 0.04453125 
2 0.7734375 0.815625 0.03671875 0.04375 
2 0.534375 0.85 0.03359375 0.0515625 
2 0.78671875 0.9140625 0.23046875 0.171875 
2 0.46015625 0.8640625 0.05 0.0765625 
2 0.60078125 0.859375 0.0578125 0.096875 
2 0.26484375 0.92421875 0.2125 0.15078125 
6 0.54765625 0.7 0.01796875 0.01015625 
6 0.4875 0.70625 0.01953125 0.0109375 
