7 0.4453125 0.6421875 0.0203125 0.01484375 
2 0.83828125 0.7859375 0.0328125 0.03359375 
2 0.784375 0.78828125 0.01640625 0.0359375 
2 0.671875 0.8015625 0.02890625 0.03203125 
7 0.50625 0.63828125 0.01640625 0.01484375 
2 0.85546875 0.784375 0.0625 0.03828125 
2 0.728125 0.79296875 0.02109375 0.040625 
2 0.7046875 0.79453125 0.05546875 0.04140625 
2 0.93359375 0.7703125 0.040625 0.04453125 
2 0.46015625 0.803125 0.04921875 0.06484375 
2 0.990625 0.76640625 0.01640625 0.03828125 
2 0.965625 0.7640625 0.04375 0.0484375 
2 0.56171875 0.81484375 0.053125 0.03671875 
2 0.76328125 0.79140625 0.05 0.0390625 
2 0.91015625 0.8921875 0.1796875 0.215625 
2 0.47578125 0.91171875 0.259375 0.17578125 
2 0.15859375 0.8703125 0.3171875 0.25546875 
