2 0.76796875 0.80859375 0.028125 0.046875 
5 0.73671875 0.80546875 0.04140625 0.0609375 
1 0.73671875 0.80234375 0.0421875 0.065625 
2 0.7359375 0.80546875 0.0421875 0.0609375 
2 0.5453125 0.83515625 0.0734375 0.0609375 
2 0.11875 0.85703125 0.13515625 0.28515625 
2 0.90703125 0.78984375 0.03125 0.05 
2 0.971875 0.77890625 0.02734375 0.046875 
2 0.93828125 0.7890625 0.0640625 0.05546875 
2 0.446875 0.8625 0.05234375 0.06796875 
2 0.365625 0.8859375 0.1171875 0.15546875 
2 0.51953125 0.9234375 0.28046875 0.153125 
2 0.25546875 0.9125 0.2015625 0.175 
6 0.5296875 0.7453125 0.0171875 0.01015625 
