2 0.24765625 0.88359375 0.03515625 0.05 
7 0.1671875 0.49765625 0.03359375 0.0265625 
2 0.371875 0.85703125 0.02109375 0.028125 
2 0.88515625 0.79921875 0.03125 0.0390625 
2 0.26796875 0.86796875 0.01875 0.0359375 
3 0.2265625 0.85625 0.04453125 0.07109375 
4 0.253125 0.91875 0.0453125 0.096875 
2 0.315625 0.8609375 0.01875 0.03359375 
2 0.28125 0.86171875 0.01640625 0.02890625 
2 0.4390625 0.85078125 0.02421875 0.03828125 
2 0.56015625 0.8484375 0.04375 0.05 
2 0.63515625 0.8484375 0.0375 0.0359375 
2 0.50625 0.85078125 0.0203125 0.03359375 
2 0.8015625 0.88671875 0.109375 0.16953125 
7 0.45078125 0.70625 0.0234375 0.0125 
