2 0.8875 0.89453125 0.021875 0.03046875 
2 0.85625 0.89609375 0.02734375 0.0359375 
11 0.484375 0.6625 0.03984375 0.02109375 
2 0.7984375 0.90234375 0.02578125 0.04375 
2 0.96796875 0.878125 0.0515625 0.05078125 
2 0.93671875 0.8859375 0.0296875 0.04140625 
2 0.82265625 0.896875 0.0578125 0.0484375 
2 0.91328125 0.8890625 0.0359375 0.04296875 
2 0.43359375 0.940625 0.16328125 0.115625 
2 0.1328125 0.90078125 0.07890625 0.11796875 
2 0.721875 0.928125 0.14140625 0.14375 
11 0.57109375 0.659375 0.03984375 0.01953125 
