2 0.54765625 0.8515625 0.025 0.04375 
2 0.44609375 0.84375 0.01328125 0.021875 
2 0.2109375 0.85 0.03125 0.040625 
2 0.57890625 0.85625 0.01875 0.0390625 
2 0.36640625 0.8515625 0.02109375 0.03359375 
2 0.459375 0.85390625 0.0203125 0.0390625 
2 0.5265625 0.8609375 0.03046875 0.04140625 
2 0.59296875 0.86484375 0.028125 0.05546875 
2 0.42890625 0.86484375 0.0359375 0.0484375 
2 0.48046875 0.865625 0.0375 0.05 
2 0.61875 0.87109375 0.04140625 0.078125 
2 0.396875 0.87421875 0.04609375 0.059375 
2 0.92109375 0.8828125 0.1578125 0.234375 
2 0.26875 0.91171875 0.13671875 0.1390625 
2 0.659375 0.9015625 0.08203125 0.12109375 
