2 0.74140625 0.83203125 0.01953125 0.0234375 
2 0.53828125 0.84921875 0.021875 0.02890625 
2 0.41328125 0.86875 0.0234375 0.04453125 
2 0.4625 0.88359375 0.02890625 0.040625 
6 0.48515625 0.62265625 0.03828125 0.01796875 
6 0.4078125 0.62265625 0.0375 0.01796875 
2 0.3234375 0.86796875 0.03828125 0.04296875 
2 0.21171875 0.8875 0.03984375 0.0640625 
2 0.09375 0.90625 0.1875 0.184375 
2 0.50703125 0.896875 0.06875 0.0984375 
2 0.384375 0.90234375 0.07578125 0.10078125 
15 0.7859375 0.60859375 0.03671875 0.0203125 
