2 0.73671875 0.8046875 0.0421875 0.0609375 
7 0.528125 0.74453125 0.0140625 0.01328125 
5 0.73515625 0.80546875 0.03984375 0.059375 
2 0.79375 0.81328125 0.04140625 0.046875 
2 0.81171875 0.8125 0.0328125 0.046875 
2 0.12109375 0.85703125 0.13046875 0.28515625 
2 0.659375 0.84453125 0.0234375 0.03359375 
2 0.36953125 0.90390625 0.08671875 0.178125 
2 0.9796875 0.78046875 0.040625 0.05 
2 0.91328125 0.79140625 0.0375 0.04453125 
2 0.54609375 0.8359375 0.0828125 0.06640625 
2 0.84296875 0.80078125 0.065625 0.0640625 
2 0.51875 0.9265625 0.28046875 0.1453125 
2 0.253125 0.9125 0.203125 0.175 
