2 0.52734375 0.85390625 0.01953125 0.0234375 
6 0.35 0.74375 0.0203125 0.01171875 
6 0.39140625 0.7421875 0.01484375 0.0140625 
2 0.378125 0.87109375 0.01953125 0.03203125 
2 0.35625 0.8515625 0.0296875 0.0234375 
2 0.29453125 0.86875 0.02890625 0.028125 
2 0.403125 0.875 0.01796875 0.03671875 
2 0.425 0.8765625 0.0375 0.06640625 
2 0.01328125 0.8984375 0.0265625 0.084375 
2 0.34609375 0.896875 0.06640625 0.0890625 
2 0.46640625 0.896875 0.07109375 0.09609375 
2 0.178125 0.909375 0.26796875 0.18125 
