2 0.34609375 0.87109375 0.02265625 0.03046875 
11 0.5421875 0.7140625 0.02421875 0.0140625 
0 0.02890625 0.88359375 0.0078125 0.040625 
2 0.41640625 0.86328125 0.015625 0.0234375 
2 0.60625 0.85859375 0.01640625 0.0359375 
11 0.49609375 0.71796875 0.025 0.015625 
5 0.91953125 0.8375 0.1578125 0.3140625 
2 0.4765625 0.8640625 0.01171875 0.03203125 
2 0.55 0.8609375 0.02265625 0.03515625 
2 0.36640625 0.87109375 0.02265625 0.0390625 
2 0.4671875 0.86953125 0.01796875 0.04296875 
2 0.253125 0.87890625 0.03359375 0.0390625 
2 0.2234375 0.87890625 0.028125 0.0390625 
2 0.28515625 0.87578125 0.028125 0.0390625 
2 0.30546875 0.87421875 0.015625 0.03203125 
2 0.3234375 0.87421875 0.02734375 0.0359375 
2 0.5796875 0.87421875 0.040625 0.06328125 
2 0.1890625 0.88046875 0.03203125 0.0390625 
2 0.51171875 0.896875 0.07265625 0.109375 
2 0.4453125 0.87734375 0.0421875 0.06171875 
2 0.65 0.88828125 0.08984375 0.12890625 
2 0.39296875 0.90859375 0.07890625 0.0984375 
