2 0.31328125 0.86328125 0.03203125 0.040625 
2 0.83828125 0.8484375 0.0734375 0.08515625 
2 0.19375 0.87109375 0.0171875 0.03828125 
2 0.015625 0.8640625 0.02890625 0.03046875 
2 0.3390625 0.84765625 0.02578125 0.0359375 
2 0.24609375 0.86796875 0.03359375 0.04375 
2 0.27734375 0.86640625 0.04453125 0.0484375 
2 0.2125 0.86640625 0.0328125 0.0484375 
2 0.80546875 0.8484375 0.025 0.03359375 
7 0.5640625 0.646875 0.02578125 0.0203125 
2 0.10859375 0.87421875 0.04453125 0.04140625 
2 0.03046875 0.9125 0.059375 0.11015625 
2 0.90234375 0.8765625 0.1953125 0.1390625 
2 0.54375 0.88671875 0.1953125 0.14453125 
