2 0.3765625 0.86484375 0.01953125 0.0296875 
2 0.0546875 0.88203125 0.03671875 0.04375 
5 0.93046875 0.81875 0.1390625 0.36171875 
11 0.40234375 0.69453125 0.0265625 0.01640625 
2 0.584375 0.86953125 0.02890625 0.0515625 
2 0.4703125 0.8625 0.01328125 0.03046875 
2 0.0765625 0.87265625 0.07421875 0.06953125 
2 0.01328125 0.87109375 0.025 0.05078125 
2 0.03125 0.92421875 0.0625 0.1421875 
2 0.6671875 0.87109375 0.04140625 0.0609375 
2 0.4171875 0.8921875 0.06796875 0.10078125 
2 0.453125 0.87578125 0.03125 0.06796875 
2 0.26328125 0.89921875 0.0546875 0.09375 
2 0.63125 0.890625 0.06796875 0.084375 
2 0.5265625 0.915625 0.13671875 0.1609375 
2 0.13515625 0.928125 0.17890625 0.14375 
2 0.76328125 0.90234375 0.1828125 0.1953125 
2 0.32109375 0.9265625 0.1625 0.146875 
