2 0.71640625 0.78828125 0.02421875 0.04609375 
2 0.42109375 0.81640625 0.02109375 0.03828125 
2 0.90078125 0.778125 0.046875 0.03671875 
2 0.86171875 0.78515625 0.0359375 0.03359375 
2 0.65 0.7984375 0.02734375 0.0390625 
2 0.2765625 0.8140625 0.04296875 0.05546875 
7 0.50625 0.63828125 0.0171875 0.015625 
7 0.44921875 0.640625 0.0203125 0.015625 
2 0.44296875 0.8109375 0.05390625 0.04609375 
2 0.69921875 0.790625 0.053125 0.0515625 
2 0.6671875 0.79609375 0.040625 0.046875 
2 0.49375 0.8109375 0.06640625 0.04609375 
2 0.4765625 0.909375 0.2578125 0.18046875 
2 0.15859375 0.86953125 0.31640625 0.25625 
2 0.909375 0.890625 0.178125 0.21875 
