2 0.721875 0.8359375 0.02890625 0.03125 
3 0.046875 0.79296875 0.09375 0.4140625 
2 0.3578125 0.8484375 0.01640625 0.02109375 
2 0.2515625 0.86640625 0.0171875 0.03125 
2 0.69296875 0.83203125 0.0328125 0.05078125 
6 0.39375 0.6921875 0.0171875 0.01484375 
2 0.478125 0.86640625 0.02734375 0.03359375 
6 0.33046875 0.69453125 0.01796875 0.01640625 
2 0.75625 0.8296875 0.02734375 0.03359375 
2 0.634375 0.8453125 0.02421875 0.03515625 
2 0.65703125 0.83984375 0.02734375 0.04453125 
2 0.27265625 0.8875 0.04140625 0.0765625 
2 0.41484375 0.8734375 0.03046875 0.0546875 
2 0.38359375 0.88046875 0.046875 0.0796875 
2 0.325 0.921875 0.12109375 0.146875 
2 0.19140625 0.915625 0.125 0.1390625 
