5 0.9921875 0.95078125 0.015625 0.0984375 
2 0.5296875 0.8484375 0.01171875 0.034375 
2 0.4796875 0.85390625 0.01875 0.05078125 
2 0.60703125 0.846875 0.01640625 0.03125 
2 0.59140625 0.85546875 0.028125 0.03671875 
2 0.5125 0.85859375 0.03671875 0.05625 
13 0.51875 0.65546875 0.03125 0.01484375 
2 0.553125 0.8515625 0.040625 0.06015625 
2 0.24609375 0.86953125 0.09765625 0.1015625 
2 0.45625 0.865625 0.05859375 0.08671875 
2 0.6390625 0.890625 0.07734375 0.1046875 
2 0.33046875 0.9140625 0.18125 0.17109375 
