2 0.446875 0.8359375 0.0109375 0.01953125 
2 0.46328125 0.84609375 0.01796875 0.040625 
2 0.36328125 0.84375 0.02734375 0.03828125 
2 0.20625 0.84453125 0.03515625 0.04296875 
2 0.24453125 0.84453125 0.021875 0.03046875 
2 0.584375 0.85234375 0.0171875 0.04375 
2 0.48046875 0.85703125 0.03828125 0.0546875 
2 0.4328125 0.85625 0.03828125 0.046875 
2 0.62578125 0.86484375 0.04765625 0.08359375 
2 0.59765625 0.859375 0.028125 0.05859375 
2 0.528125 0.853125 0.02890625 0.04609375 
2 0.396875 0.86640625 0.04765625 0.059375 
2 0.2828125 0.9046875 0.13046875 0.13359375 
2 0.67421875 0.89609375 0.08671875 0.12890625 
