2 0.3578125 0.86328125 0.02578125 0.03671875 
2 0.728125 0.8359375 0.0140625 0.028125 
2 0.6203125 0.82578125 0.02421875 0.03203125 
2 0.70859375 0.83046875 0.02890625 0.03515625 
2 0.9375 0.8203125 0.07109375 0.08125 
2 0.98671875 0.81015625 0.0265625 0.090625 
2 0.90625 0.81171875 0.08359375 0.096875 
2 0.49765625 0.846875 0.028125 0.04609375 
2 0.45546875 0.8609375 0.04375 0.06640625 
2 0.4 0.88359375 0.0859375 0.09453125 
2 0.52890625 0.8609375 0.04375 0.06328125 
2 0.3140625 0.915625 0.10859375 0.16484375 
