1 0.8234375 0.85390625 0.04296875 0.071875 
2 0.14921875 0.85859375 0.02421875 0.034375 
4 0.42578125 0.859375 0.01328125 0.03671875 
2 0.4515625 0.84375 0.01796875 0.025 
2 0.18125 0.86015625 0.0265625 0.0390625 
2 0.0921875 0.85859375 0.025 0.03515625 
2 0.42578125 0.85859375 0.01328125 0.03671875 
7 0.38984375 0.70703125 0.02109375 0.0125 
2 0.12265625 0.859375 0.0328125 0.03359375 
2 0.32109375 0.853125 0.01328125 0.0234375 
2 0.0671875 0.8640625 0.02265625 0.04296875 
2 0.0109375 0.86171875 0.0203125 0.046875 
2 0.4796875 0.84375 0.03203125 0.03984375 
2 0.2171875 0.8734375 0.04921875 0.0796875 
2 0.35703125 0.8703125 0.059375 0.06640625 
2 0.284375 0.88359375 0.08984375 0.1 
15 0.3375 0.7109375 0.021875 0.01015625 
7 0.4328125 0.75546875 0.01484375 0.0078125 
7 0.47109375 0.75546875 0.015625 0.01015625 
