2 0.0515625 0.8625 0.02265625 0.034375 
2 0.00546875 0.91328125 0.01015625 0.121875 
2 0.33671875 0.8671875 0.02109375 0.03046875 
2 0.13984375 0.85 0.02578125 0.01875 
2 0.9109375 0.80703125 0.02421875 0.03828125 
2 0.43671875 0.85546875 0.02109375 0.0296875 
2 0.225 0.8609375 0.02890625 0.0265625 
4 0.3390625 0.89453125 0.02578125 0.059375 
7 0.2796875 0.603125 0.0296875 0.021875 
2 0.884375 0.815625 0.04375 0.0390625 
2 0.02578125 0.8703125 0.04453125 0.04453125 
2 0.6921875 0.840625 0.05078125 0.04453125 
2 0.1546875 0.92578125 0.30546875 0.1484375 
7 0.4578125 0.72890625 0.0203125 0.01328125 
7 0.40234375 0.7296875 0.02265625 0.0125 
15 0.18984375 0.61171875 0.040625 0.01875 
