15 0.73359375 0.46171875 0.015625 0.01640625 
2 0.3578125 0.85390625 0.02109375 0.0265625 
2 0.84140625 0.82109375 0.0171875 0.025 
2 0.8015625 0.821875 0.02421875 0.0296875 
2 0.01640625 0.86171875 0.0234375 0.03984375 
2 0.921875 0.8140625 0.015625 0.03125 
2 0.334375 0.85078125 0.02109375 0.03046875 
2 0.73984375 0.83671875 0.0328125 0.0296875 
2 0.1546875 0.8671875 0.03984375 0.02890625 
2 0.6046875 0.84765625 0.02421875 0.03046875 
2 0.5171875 0.846875 0.0140625 0.02421875 
2 0.43671875 0.865625 0.03359375 0.04453125 
2 0.39609375 0.8703125 0.04921875 0.06328125 
2 0.2875 0.884375 0.0984375 0.11796875 
2 0.63984375 0.88203125 0.06953125 0.08671875 
8 0.54921875 0.76015625 0.0140625 0.00859375 
8 0.5796875 0.75859375 0.01328125 0.0078125 
