2 0.18671875 0.8515625 0.01796875 0.03359375 
2 0.4703125 0.8296875 0.01875 0.021875 
2 0.20234375 0.85078125 0.025 0.03359375 
2 0.15 0.85390625 0.01640625 0.03203125 
2 0.01796875 0.85390625 0.02734375 0.05078125 
2 0.49140625 0.828125 0.01328125 0.01875 
2 0.23359375 0.84921875 0.01796875 0.02890625 
2 0.16875 0.85546875 0.01953125 0.03046875 
2 0.17109375 0.93046875 0.3421875 0.1390625 
2 0.51171875 0.83125 0.0140625 0.028125 
2 0.053125 0.8546875 0.03359375 0.04296875 
2 0.5265625 0.84609375 0.0234375 0.0453125 
2 0.5765625 0.8234375 0.02578125 0.0546875 
2 0.46953125 0.8609375 0.03046875 0.06171875 
2 0.31953125 0.846875 0.025 0.02578125 
2 0.54453125 0.86796875 0.05625 0.0796875 
2 0.4203125 0.90546875 0.12578125 0.1515625 
