1 0.7375 0.803125 0.04375 0.06484375 
5 0.97734375 0.76328125 0.040625 0.08515625 
2 0.86015625 0.80859375 0.0265625 0.04296875 
7 0.528125 0.74453125 0.01328125 0.01328125 
2 0.73828125 0.803125 0.046875 0.06484375 
2 0.91015625 0.79140625 0.0296875 0.05390625 
5 0.7390625 0.803125 0.04609375 0.06484375 
2 0.47265625 0.8515625 0.02109375 0.034375 
2 0.11953125 0.85703125 0.134375 0.2859375 
2 0.45703125 0.85 0.0296875 0.0390625 
2 0.59765625 0.8484375 0.02734375 0.03359375 
2 0.7671875 0.81171875 0.028125 0.03984375 
2 0.42890625 0.86015625 0.03984375 0.0609375 
2 0.8390625 0.80625 0.0375 0.04609375 
2 0.3703125 0.9015625 0.08828125 0.178125 
2 0.54453125 0.83515625 0.07734375 0.06328125 
2 0.63828125 0.8390625 0.0625 0.059375 
2 0.88671875 0.7953125 0.071875 0.0609375 
2 0.51875 0.92578125 0.28046875 0.1484375 
2 0.253125 0.9125 0.2 0.175 
