2 0.59296875 0.871875 0.015625 0.05078125 
2 0.4640625 0.84921875 0.01953125 0.021875 
2 0.346875 0.86171875 0.0296875 0.05 
2 0.23515625 0.85859375 0.028125 0.03046875 
2 0.58515625 0.865625 0.0203125 0.04140625 
2 0.19375 0.85703125 0.04375 0.04921875 
2 0.6046875 0.87578125 0.0296875 0.0640625 
2 0.5296875 0.86640625 0.03046875 0.0484375 
2 0.43828125 0.87109375 0.040625 0.046875 
2 0.4765625 0.871875 0.03828125 0.0515625 
2 0.63984375 0.88203125 0.05390625 0.09453125 
2 0.39609375 0.878125 0.04765625 0.06015625 
2 0.30546875 0.9140625 0.11953125 0.125 
2 0.7046875 0.91953125 0.10078125 0.14453125 
