2 0.4578125 0.84765625 0.01953125 0.03203125 
2 0.56875 0.8484375 0.025 0.03984375 
2 0.3140625 0.86015625 0.01796875 0.03359375 
7 0.1671875 0.49765625 0.03359375 0.0265625 
2 0.88515625 0.7984375 0.03125 0.03828125 
2 0.27265625 0.8640625 0.0203125 0.0359375 
4 0.253125 0.921875 0.04296875 0.0953125 
2 0.55703125 0.84765625 0.03671875 0.046875 
3 0.2171875 0.85546875 0.046875 0.0703125 
2 0.44140625 0.85078125 0.02421875 0.0359375 
2 0.50625 0.85078125 0.0203125 0.03125 
2 0.63203125 0.84765625 0.0375 0.034375 
2 0.8078125 0.88046875 0.10703125 0.1640625 
7 0.45 0.70546875 0.021875 0.01484375 
