2 0.0109375 0.8546875 0.021875 0.04609375 
2 0.95390625 0.76328125 0.028125 0.04453125 
2 0.49765625 0.7953125 0.03125 0.05390625 
2 0.13046875 0.84296875 0.03203125 0.04375 
2 0.22890625 0.840625 0.0359375 0.04453125 
2 0.85703125 0.771875 0.0296875 0.0390625 
2 0.0765625 0.8515625 0.06640625 0.05078125 
6 0.71640625 0.57578125 0.025 0.02109375 
2 0.3703125 0.8421875 0.07734375 0.0640625 
2 0.60390625 0.80390625 0.05703125 0.0640625 
2 0.884375 0.790625 0.04609375 0.06015625 
2 0.1609375 0.84296875 0.04765625 0.053125 
6 0.815625 0.56875 0.02734375 0.021875 
2 0.521875 0.83203125 0.06015625 0.071875 
2 0.82265625 0.78828125 0.0515625 0.06953125 
2 0.9796875 0.884375 0.040625 0.16640625 
