2 0.4640625 0.86328125 0.02421875 0.05546875 
2 0.5875 0.859375 0.02890625 0.07109375 
2 0.6046875 0.8484375 0.01875 0.04375 
2 0.44609375 0.871875 0.03359375 0.0890625 
2 0.46171875 0.846875 0.025 0.0359375 
7 0.4296875 0.70390625 0.02421875 0.0140625 
2 0.615625 0.865625 0.0265625 0.071875 
2 0.6859375 0.8609375 0.03671875 0.0609375 
2 0.41875 0.8890625 0.0625 0.11875 
5 0.75625 0.8359375 0.06484375 0.10859375 
2 0.6484375 0.88046875 0.0703125 0.0984375 
2 0.27109375 0.896875 0.090625 0.10546875 
2 0.8234375 0.86796875 0.08125 0.0859375 
2 0.53125 0.90859375 0.1484375 0.178125 
2 0.36484375 0.91953125 0.125 0.15625 
