2 0.75078125 0.83046875 0.0375 0.05 
2 0.6015625 0.83203125 0.01953125 0.03046875 
2 0.57578125 0.83828125 0.01640625 0.028125 
2 0.50546875 0.83203125 0.015625 0.02890625 
2 0.7234375 0.82890625 0.02421875 0.03203125 
2 0.64921875 0.84453125 0.025 0.03046875 
2 0.5234375 0.84453125 0.0171875 0.0296875 
2 0.35390625 0.86171875 0.03828125 0.04921875 
2 0.38359375 0.8453125 0.04609375 0.071875 
2 0.61796875 0.84140625 0.028125 0.0515625 
2 0.27734375 0.875 0.0578125 0.06328125 
2 0.86875 0.90859375 0.2625 0.1796875 
