2 0.1125 0.853125 0.0171875 0.03046875 
2 0.35546875 0.84765625 0.01484375 0.02109375 
2 0.56875 0.840625 0.02109375 0.02578125 
2 0.3953125 0.84453125 0.01875 0.0265625 
2 0.62578125 0.83828125 0.01796875 0.028125 
2 0.4671875 0.8453125 0.0171875 0.03125 
2 0.1234375 0.85625 0.01796875 0.0265625 
2 0.58203125 0.85390625 0.03203125 0.04375 
2 0.6046875 0.846875 0.02421875 0.03515625 
2 0.40625 0.86328125 0.03359375 0.046875 
2 0.44140625 0.8734375 0.0484375 0.0765625 
2 0.68125 0.86171875 0.053125 0.06015625 
2 0.51484375 0.909375 0.121875 0.178125 
