2 0.39375 0.8484375 0.01640625 0.03203125 
2 0.76015625 0.8234375 0.01875 0.034375 
4 0.365625 0.88359375 0.02265625 0.05703125 
2 0.71484375 0.83515625 0.021875 0.03359375 
2 0.44375 0.8515625 0.0203125 0.0265625 
7 0.228125 0.6359375 0.02421875 0.0203125 
2 0.209375 0.8609375 0.0203125 0.03828125 
7 0.3140625 0.6296875 0.03046875 0.021875 
2 0.740625 0.828125 0.04765625 0.04609375 
2 0.221875 0.8640625 0.02265625 0.03203125 
2 0.2828125 0.85859375 0.02421875 0.02578125 
2 0.16328125 0.865625 0.03671875 0.03828125 
2 0.09765625 0.91953125 0.19375 0.1515625 
7 0.4625 0.73359375 0.01875 0.01171875 
7 0.41171875 0.73515625 0.01875 0.01171875 
