2 0.59609375 0.74453125 0.01796875 0.01875 
0 0.17734375 0.83046875 0.009375 0.06953125 
2 0.771875 0.7765625 0.01796875 0.03984375 
2 0.84765625 0.30390625 0.0078125 0.028125 
2 0.7609375 0.76953125 0.028125 0.05390625 
2 0.471875 0.765625 0.02109375 0.028125 
2 0.73359375 0.7671875 0.0390625 0.06171875 
2 0.55078125 0.746875 0.028125 0.021875 
2 0.57421875 0.76640625 0.025 0.03515625 
2 0.6203125 0.75390625 0.021875 0.03359375 
2 0.40625 0.79921875 0.046875 0.0609375 
7 0.4953125 0.596875 0.028125 0.015625 
15 0.5546875 0.5921875 0.03125 0.0171875 
