2 0.3171875 0.86875 0.01015625 0.025 
2 0.4109375 0.86015625 0.0171875 0.028125 
11 0.33515625 0.609375 0.0421875 0.01875 
2 0.6359375 0.8640625 0.03125 0.065625 
2 0.3453125 0.865625 0.01796875 0.028125 
2 0.4734375 0.86875 0.01328125 0.0390625 
2 0.32890625 0.86796875 0.01953125 0.02890625 
2 0.25 0.87265625 0.0203125 0.02890625 
2 0.30234375 0.87109375 0.02265625 0.03046875 
2 0.4625 0.871875 0.01953125 0.05078125 
2 0.5578125 0.86484375 0.02578125 0.0390625 
2 0.2734375 0.87109375 0.02578125 0.03515625 
2 0.440625 0.88046875 0.04375 0.071875 
2 0.59140625 0.87890625 0.046875 0.06484375 
2 0.04140625 0.928125 0.0828125 0.140625 
2 0.671875 0.8953125 0.103125 0.14453125 
2 0.515625 0.903125 0.08515625 0.13046875 
2 0.37734375 0.9140625 0.09296875 0.1203125 
2 0.17265625 0.9203125 0.159375 0.1515625 
