2 0.49453125 0.83828125 0.0140625 0.02421875 
2 0.85703125 0.8359375 0.0359375 0.11484375 
2 0.54296875 0.83359375 0.01640625 0.021875 
5 0.6265625 0.828125 0.05546875 0.11640625 
2 0.62734375 0.828125 0.05703125 0.1140625 
2 0.5796875 0.834375 0.0203125 0.03046875 
2 0.971875 0.809375 0.028125 0.06015625 
2 0.128125 0.9296875 0.25625 0.140625 
2 0.55546875 0.85546875 0.03359375 0.04921875 
2 0.39140625 0.87109375 0.0484375 0.0546875 
2 0.5265625 0.8734375 0.05078125 0.09375 
2 0.68046875 0.84921875 0.09765625 0.08359375 
2 0.46953125 0.92109375 0.13515625 0.15625 
6 0.59453125 0.6453125 0.034375 0.015625 
6 0.5203125 0.65390625 0.03203125 0.01640625 
17 0.8203125 0.71484375 0.0140625 0.05234375 
17 0.71875 0.7484375 0.0109375 0.04609375 
