2 0.46484375 0.88359375 0.09609375 0.10703125 
2 0.1890625 0.8578125 0.03359375 0.0453125 
2 0.0609375 0.84609375 0.01796875 0.0390625 
2 0.22734375 0.86015625 0.02890625 0.05 
2 0.08359375 0.853125 0.0546875 0.0609375 
2 0.40625 0.9 0.06640625 0.12421875 
2 0.1609375 0.86484375 0.05078125 0.06328125 
2 0.3515625 0.90390625 0.1359375 0.125 
2 0.27421875 0.87421875 0.07578125 0.07421875 
2 0.7453125 0.8625 0.08203125 0.1046875 
2 0.85390625 0.8578125 0.0890625 0.11015625 
2 0.66484375 0.859375 0.078125 0.1109375 
