2 0.54453125 0.8140625 0.02265625 0.03359375 
2 0.91796875 0.778125 0.0328125 0.03046875 
2 0.72578125 0.790625 0.0484375 0.04921875 
2 0.52421875 0.8046875 0.01796875 0.03359375 
2 0.7 0.79921875 0.02109375 0.03046875 
2 0.41875 0.8 0.01015625 0.01875 
7 0.45 0.640625 0.0203125 0.015625 
2 0.6 0.8078125 0.0203125 0.03046875 
2 0.77265625 0.78203125 0.0234375 0.04453125 
7 0.50625 0.6375 0.01640625 0.015625 
2 0.7484375 0.78828125 0.06328125 0.05 
2 0.4984375 0.8125 0.06171875 0.0453125 
2 0.3375 0.81171875 0.075 0.0609375 
2 0.5703125 0.80859375 0.06328125 0.0453125 
2 0.9109375 0.89140625 0.178125 0.21640625 
2 0.475 0.909375 0.25859375 0.18046875 
2 0.16171875 0.8703125 0.32265625 0.25546875 
