5 0.43046875 0.878125 0.06875 0.103125 
2 0.35859375 0.8515625 0.0125 0.021875 
2 0.72265625 0.83046875 0.04921875 0.053125 
2 0.27109375 0.8515625 0.01328125 0.03359375 
2 0.48828125 0.85 0.01328125 0.03515625 
2 0.34296875 0.8421875 0.02265625 0.04375 
2 0.43046875 0.88125 0.06875 0.1 
2 0.37734375 0.8515625 0.02109375 0.02109375 
2 0.84140625 0.80859375 0.0265625 0.04375 
2 0.47578125 0.85703125 0.028125 0.04453125 
2 0.528125 0.8734375 0.04765625 0.06640625 
2 0.28515625 0.85625 0.03203125 0.046875 
2 0.15859375 0.90546875 0.3171875 0.1890625 
