2 0.5390625 0.80546875 0.0421875 0.05 
5 0.75234375 0.7703125 0.03671875 0.071875 
2 0.7671875 0.79296875 0.02109375 0.03203125 
2 0.77890625 0.7875 0.028125 0.03984375 
2 0.425 0.79453125 0.0125 0.02421875 
2 0.8765625 0.778125 0.03828125 0.040625 
2 0.27265625 0.81796875 0.02734375 0.0390625 
2 0.471875 0.8171875 0.05234375 0.0359375 
7 0.45 0.64140625 0.02109375 0.015625 
7 0.50546875 0.6375 0.01640625 0.015625 
2 0.70859375 0.82421875 0.0546875 0.06640625 
2 0.790625 0.7859375 0.03359375 0.0453125 
2 0.903125 0.88671875 0.19140625 0.22578125 
2 0.4765625 0.91171875 0.259375 0.17578125 
2 0.63984375 0.834375 0.1390625 0.10859375 
2 0.15234375 0.8703125 0.3046875 0.25546875 
