2 0.5953125 0.8265625 0.103125 0.16484375 
2 0.81328125 0.89140625 0.06640625 0.2015625 
2 0.84765625 0.30390625 0.0078125 0.028125 
2 0.76015625 0.76953125 0.028125 0.053125 
2 0.771875 0.778125 0.01640625 0.0390625 
2 0.27734375 0.840625 0.0359375 0.05078125 
2 0.7328125 0.7671875 0.03828125 0.06171875 
2 0.5375 0.7484375 0.02265625 0.028125 
7 0.55078125 0.5921875 0.01875 0.015625 
2 0.02265625 0.871875 0.0453125 0.075 
2 0.32421875 0.846875 0.10859375 0.0796875 
2 0.49375 0.84921875 0.10859375 0.1609375 
