6 0.4671875 0.3046875 0.09765625 0.04296875 
2 0.634375 0.86640625 0.03359375 0.08203125 
2 0.4765625 0.85 0.0328125 0.03125 
6 0.69296875 0.29140625 0.10078125 0.05 
2 0.55625 0.84453125 0.02265625 0.01875 
2 0.58046875 0.8484375 0.01796875 0.02109375 
2 0.50546875 0.8515625 0.02109375 0.02890625 
3 0.728125 0.85390625 0.13515625 0.26328125 
2 0.53046875 0.84921875 0.01953125 0.028125 
2 0.1546875 0.93984375 0.30546875 0.1203125 
2 0.4296875 0.884375 0.0421875 0.06875 
2 0.30234375 0.9140625 0.1140625 0.15703125 
2 0.60078125 0.85859375 0.025 0.040625 
2 0.55546875 0.8859375 0.0515625 0.0703125 
2 0.38125 0.896875 0.0765625 0.10859375 
2 0.475 0.91640625 0.08828125 0.1109375 
