2 0.740625 0.79609375 0.02421875 0.034375 
2 0.28515625 0.815625 0.034375 0.04140625 
2 0.5828125 0.80703125 0.0171875 0.03203125 
2 0.27109375 0.8125 0.03359375 0.046875 
7 0.45 0.640625 0.02109375 0.015625 
7 0.50546875 0.6375 0.01640625 0.015625 
2 0.47265625 0.815625 0.025 0.028125 
2 0.325 0.815625 0.06171875 0.0546875 
2 0.71328125 0.796875 0.06796875 0.04140625 
2 0.54765625 0.809375 0.05703125 0.046875 
2 0.91015625 0.8921875 0.17890625 0.215625 
2 0.15078125 0.86953125 0.3015625 0.2546875 
2 0.47578125 0.9125 0.25859375 0.175 
