2 0.0109375 0.84140625 0.021875 0.1765625 
5 0.0109375 0.828125 0.021875 0.21796875 
5 0.86171875 0.94609375 0.0765625 0.09609375 
3 0.86171875 0.9453125 0.0765625 0.0984375 
2 0.86171875 0.94921875 0.075 0.08671875 
2 0.30078125 0.86796875 0.01640625 0.0390625 
5 0.34609375 0.84296875 0.08203125 0.125 
2 0.34609375 0.8453125 0.08359375 0.12421875 
2 0.490625 0.85390625 0.028125 0.034375 
2 0.1609375 0.875 0.0640625 0.06875 
2 0.5390625 0.91484375 0.0890625 0.1296875 
2 0.4578125 0.878125 0.04609375 0.06328125 
