2 0.36953125 0.84921875 0.021875 0.03125 
2 0.184375 0.89765625 0.06640625 0.08984375 
2 0.34140625 0.84921875 0.03359375 0.03828125 
2 0.85 0.83046875 0.034375 0.0484375 
7 0.5640625 0.64765625 0.02578125 0.01953125 
2 0.10859375 0.8734375 0.0453125 0.04140625 
2 0.5265625 0.84609375 0.01953125 0.03359375 
2 0.496875 0.853125 0.02265625 0.03671875 
2 0.63046875 0.8453125 0.02421875 0.028125 
2 0.82109375 0.83515625 0.0578125 0.0515625 
2 0.69296875 0.84609375 0.03515625 0.04453125 
2 0.584375 0.85 0.02890625 0.0484375 
2 0.24765625 0.896875 0.1734375 0.10859375 
