2 0.90625 0.78046875 0.025 0.0359375 
2 0.82421875 0.821875 0.028125 0.03671875 
5 0.734375 0.80625 0.03828125 0.06015625 
7 0.528125 0.74453125 0.01484375 0.01328125 
2 0.734375 0.80703125 0.03984375 0.05859375 
2 0.11796875 0.85703125 0.1375 0.2859375 
2 0.42890625 0.8609375 0.0390625 0.0609375 
2 0.975 0.7859375 0.028125 0.04375 
2 0.9921875 0.81171875 0.01328125 0.11328125 
2 0.546875 0.8359375 0.07890625 0.0640625 
2 0.4625 0.85390625 0.02890625 0.03203125 
2 0.37109375 0.903125 0.08515625 0.178125 
2 0.934375 0.7890625 0.06875 0.05546875 
2 0.77734375 0.8203125 0.0578125 0.05546875 
2 0.51953125 0.92578125 0.28046875 0.146875 
2 0.25390625 0.91171875 0.20234375 0.17578125 
