2 0.65078125 0.875 0.04765625 0.05703125 
2 0.63515625 0.86953125 0.04609375 0.06640625 
2 0.371875 0.87109375 0.02265625 0.05859375 
2 0.98828125 0.86640625 0.0234375 0.07421875 
2 0.903125 0.840625 0.08984375 0.1109375 
2 0.33515625 0.8890625 0.05546875 0.07578125 
2 0.44609375 0.865625 0.021875 0.0609375 
2 0.775 0.84453125 0.0625 0.08125 
2 0.41328125 0.8484375 0.025 0.0453125 
2 0.20234375 0.871875 0.06015625 0.06953125 
2 0.35625 0.87578125 0.04140625 0.06328125 
2 0.27578125 0.92109375 0.1578125 0.15078125 
2 0.525 0.86953125 0.03515625 0.06328125 
2 0.48125 0.88203125 0.0734375 0.10625 
2 0.69375 0.92109375 0.14765625 0.1546875 
