2 0.140625 0.85 0.0203125 0.0484375 
2 0.17578125 0.8421875 0.015625 0.03203125 
2 0.81171875 0.8390625 0.0609375 0.04609375 
2 0.09609375 0.846875 0.01875 0.03671875 
7 0.11484375 0.56953125 0.03984375 0.028125 
2 0.346875 0.85 0.0296875 0.05 
7 0.22890625 0.57109375 0.03203125 0.02421875 
2 0.0125 0.840625 0.025 0.04453125 
2 0.99296875 0.86796875 0.0140625 0.13125 
2 0.2765625 0.85546875 0.0328125 0.03515625 
2 0.51171875 0.85546875 0.06171875 0.053125 
2 0.125 0.8515625 0.0359375 0.04140625 
2 0.03984375 0.84375 0.02890625 0.04296875 
2 0.0765625 0.85 0.03359375 0.0390625 
17 0.3375 0.76796875 0.0109375 0.0421875 
