2 0.58671875 0.84140625 0.01875 0.03125 
2 0.34296875 0.86171875 0.01875 0.028125 
2 0.6640625 0.82734375 0.0203125 0.03984375 
2 0.56171875 0.840625 0.03046875 0.03671875 
2 0.4796875 0.846875 0.02890625 0.03515625 
2 0.5171875 0.871875 0.05078125 0.06328125 
2 0.3203125 0.86328125 0.04609375 0.034375 
2 0.42421875 0.88671875 0.065625 0.09296875 
2 0.084375 0.903125 0.12265625 0.1140625 
2 0.61875 0.85390625 0.05 0.0765625 
7 0.5296875 0.77109375 0.0140625 0.00859375 
7 0.50390625 0.775 0.0125 0.00859375 
