5 0.25234375 0.859375 0.06171875 0.08828125 
5 0.97421875 0.771875 0.0515625 0.1515625 
2 0.0453125 0.909375 0.08671875 0.18046875 
2 0.03984375 0.859375 0.078125 0.1140625 
2 0.725 0.8515625 0.03203125 0.04375 
2 0.5890625 0.853125 0.025 0.04296875 
2 0.88515625 0.81875 0.0421875 0.0359375 
2 0.2515625 0.859375 0.0609375 0.084375 
2 0.3484375 0.8765625 0.09765625 0.0953125 
2 0.68359375 0.86640625 0.05078125 0.07578125 
2 0.5125 0.88984375 0.09375 0.1 
2 0.61640625 0.9 0.0890625 0.11875 
15 0.65625 0.3515625 0.078125 0.04296875 
6 0.62265625 0.44765625 0.065625 0.0375 
