2 0.28359375 0.88203125 0.01171875 0.0265625 
2 0.12734375 0.88359375 0.01328125 0.028125 
2 0.415625 0.86875 0.01484375 0.0234375 
2 0.24453125 0.884375 0.01484375 0.03359375 
2 0.35234375 0.871875 0.01328125 0.028125 
5 0.91328125 0.84453125 0.1734375 0.30859375 
11 0.49375 0.73515625 0.015625 0.01484375 
11 0.53828125 0.73359375 0.01484375 0.0140625 
2 0.5484375 0.86796875 0.01953125 0.034375 
2 0.60703125 0.865625 0.021875 0.0390625 
2 0.46015625 0.87421875 0.01796875 0.0484375 
2 0.22890625 0.88203125 0.02734375 0.03984375 
2 0.33203125 0.87890625 0.02578125 0.03203125 
2 0.3140625 0.878125 0.01484375 0.0296875 
2 0.471875 0.8703125 0.0140625 0.03359375 
2 0.034375 0.94296875 0.06796875 0.1140625 
2 0.2671875 0.88359375 0.02890625 0.03515625 
2 0.29609375 0.88046875 0.02734375 0.03515625 
2 0.20390625 0.8859375 0.025 0.0359375 
2 0.44140625 0.88359375 0.04296875 0.0609375 
2 0.51015625 0.903125 0.07421875 0.11328125 
2 0.5765625 0.8828125 0.04453125 0.06171875 
2 0.65078125 0.896875 0.0921875 0.13203125 
2 0.38828125 0.9140625 0.08203125 0.103125 
11 0.1921875 0.4046875 0.03828125 0.0375 
