6 0.58515625 0.72578125 0.01328125 0.0140625 
2 0.55703125 0.83828125 0.0109375 0.01953125 
0 0.13671875 0.84296875 0.01328125 0.06796875 
2 0.68984375 0.89921875 0.04296875 0.09453125 
2 0.615625 0.84375 0.04296875 0.075 
2 0.95625 0.88515625 0.0875 0.2296875 
6 0.53984375 0.728125 0.01640625 0.0140625 
2 0.49140625 0.84609375 0.0125 0.02890625 
2 0.5484375 0.84765625 0.01953125 0.03203125 
2 0.40546875 0.83671875 0.10234375 0.19609375 
2 0.57421875 0.86171875 0.040625 0.05703125 
2 0.75078125 0.9203125 0.1578125 0.159375 
