1 0.7375 0.803125 0.0421875 0.06484375 
2 0.76640625 0.80859375 0.02890625 0.046875 
2 0.5453125 0.834375 0.0765625 0.06484375 
5 0.73671875 0.80546875 0.0421875 0.0609375 
2 0.73828125 0.80390625 0.04296875 0.06171875 
2 0.11953125 0.85703125 0.13671875 0.2859375 
2 0.43359375 0.86015625 0.0484375 0.06484375 
2 0.9078125 0.79140625 0.03125 0.0515625 
2 0.97265625 0.77890625 0.0265625 0.046875 
2 0.9390625 0.78828125 0.06328125 0.05546875 
2 0.36171875 0.903125 0.1015625 0.18359375 
2 0.5203125 0.92109375 0.28046875 0.15703125 
2 0.2515625 0.9125 0.2 0.175 
6 0.53046875 0.74609375 0.01875 0.009375 
