2 0.671875 0.8984375 0.03203125 0.11015625 
2 0.95546875 0.80546875 0.034375 0.03359375 
2 0.65 0.82421875 0.0140625 0.0234375 
2 0.79296875 0.81953125 0.02578125 0.03515625 
2 0.76484375 0.8234375 0.0328125 0.04375 
2 0.896875 0.91015625 0.20625 0.1796875 
2 0.7109375 0.90703125 0.0984375 0.13046875 
2 0.12890625 0.9265625 0.25703125 0.14453125 
2 0.52578125 0.903125 0.2203125 0.18984375 
2 0.334375 0.9046875 0.1609375 0.190625 
7 0.6234375 0.72578125 0.01484375 0.01015625 
7 0.5828125 0.728125 0.0140625 0.01171875 
