2 0.6203125 0.83671875 0.01328125 0.021875 
2 0.1421875 0.84921875 0.040625 0.0390625 
7 0.4546875 0.73046875 0.01796875 0.009375 
2 0.0484375 0.85546875 0.02109375 0.02578125 
2 0.58359375 0.8484375 0.025 0.046875 
2 0.346875 0.85078125 0.0234375 0.0203125 
2 0.41015625 0.84765625 0.02109375 0.03046875 
2 0.4640625 0.8484375 0.0203125 0.03671875 
2 0.63671875 0.84921875 0.03125 0.04453125 
2 0.60234375 0.85703125 0.04609375 0.0609375 
2 0.4328125 0.88046875 0.0625 0.08828125 
2 0.3828125 0.86796875 0.04765625 0.0609375 
2 0.75703125 0.86875 0.06640625 0.08125 
2 0.51953125 0.909375 0.13046875 0.178125 
