2 0.76953125 0.80859375 0.025 0.046875 
1 0.7390625 0.80234375 0.04609375 0.065625 
2 0.73984375 0.803125 0.046875 0.0640625 
5 0.73984375 0.803125 0.046875 0.0640625 
2 0.1203125 0.85703125 0.1328125 0.2859375 
2 0.65 0.8359375 0.02734375 0.04296875 
2 0.97421875 0.78046875 0.0234375 0.03515625 
2 0.37109375 0.903125 0.08515625 0.178125 
2 0.6296875 0.83828125 0.05703125 0.04453125 
2 0.54453125 0.8359375 0.08359375 0.06484375 
2 0.51875 0.92578125 0.28125 0.1453125 
2 0.9390625 0.82421875 0.109375 0.1390625 
2 0.253125 0.9125 0.203125 0.175 
