2 0.40390625 0.8625 0.03828125 0.04375 
2 0.4203125 0.85859375 0.01328125 0.028125 
2 0.96640625 0.86171875 0.0671875 0.23125 
3 0.0328125 0.86171875 0.06015625 0.08203125 
2 0.2125 0.86953125 0.04921875 0.05859375 
5 0.96640625 0.8453125 0.0671875 0.2609375 
2 0.28125 0.871875 0.03203125 0.03515625 
2 0.30234375 0.86875 0.0171875 0.0296875 
2 0.5171875 0.88203125 0.05078125 0.090625 
2 0.48046875 0.85703125 0.0328125 0.0390625 
2 0.65 0.85859375 0.028125 0.0515625 
2 0.146875 0.88046875 0.05078125 0.05546875 
2 0.08203125 0.88515625 0.08203125 0.078125 
2 0.44765625 0.87734375 0.046875 0.0640625 
2 0.378125 0.92109375 0.1109375 0.13828125 
2 0.5890625 0.90625 0.13046875 0.184375 
