2 0.75078125 0.82734375 0.028125 0.06953125 
6 0.58515625 0.72578125 0.01328125 0.0140625 
0 0.24375 0.84140625 0.01015625 0.0640625 
2 0.73671875 0.8234375 0.01875 0.04140625 
2 0.5015625 0.83671875 0.01015625 0.01953125 
2 0.56953125 0.853125 0.03515625 0.08359375 
6 0.53984375 0.728125 0.01640625 0.0140625 
2 0.33515625 0.85703125 0.03046875 0.0390625 
2 0.8046875 0.8875 0.225 0.225 
2 0.3546875 0.85703125 0.03984375 0.040625 
2 0.60859375 0.8890625 0.075 0.096875 
17 0.26875 0.78359375 0.0078125 0.03203125 
