2 0.55859375 0.834375 0.009375 0.02109375 
2 0.37265625 0.84453125 0.01953125 0.02421875 
2 0.39453125 0.8390625 0.01953125 0.025 
2 0.23671875 0.8515625 0.03671875 0.0265625 
2 0.46484375 0.840625 0.01953125 0.03046875 
2 0.57109375 0.84140625 0.015625 0.0359375 
2 0.6109375 0.840625 0.02421875 0.034375 
2 0.403125 0.86015625 0.03671875 0.05 
2 0.58515625 0.84765625 0.0296875 0.046875 
2 0.4390625 0.86953125 0.04921875 0.07890625 
2 0.69296875 0.85859375 0.0546875 0.0640625 
2 0.51328125 0.90625 0.12421875 0.18359375 
