2 0.6234375 0.85859375 0.0234375 0.03515625 
6 0.35859375 0.6390625 0.03671875 0.02265625 
2 0.64453125 0.86953125 0.03125 0.06796875 
2 0.46640625 0.8734375 0.021875 0.0546875 
2 0.5640625 0.86640625 0.02578125 0.03984375 
2 0.284375 0.8703125 0.02265625 0.03359375 
2 0.33515625 0.86953125 0.01953125 0.0296875 
2 0.3125 0.8703125 0.02109375 0.0296875 
2 0.440625 0.88203125 0.05 0.075 
2 0.60078125 0.88203125 0.05234375 0.06796875 
2 0.5171875 0.90859375 0.09140625 0.14375 
2 0.3734375 0.91796875 0.0984375 0.12890625 
2 0.2421875 0.909375 0.1140625 0.12109375 
2 0.68515625 0.9015625 0.1078125 0.15546875 
2 0.09609375 0.925 0.1921875 0.15 
