2 0.37109375 0.84453125 0.03046875 0.01875 
2 0.06640625 0.871875 0.0296875 0.02578125 
2 0.60859375 0.846875 0.02109375 0.040625 
2 0.59296875 0.86484375 0.025 0.06640625 
2 0.6953125 0.86875 0.03203125 0.05625 
2 0.6203125 0.86953125 0.03046875 0.071875 
2 0.46015625 0.86328125 0.02421875 0.0546875 
7 0.42578125 0.70390625 0.025 0.01484375 
2 0.44140625 0.88046875 0.03671875 0.10390625 
2 0.01796875 0.86953125 0.034375 0.034375 
2 0.20546875 0.86796875 0.0328125 0.03359375 
2 0.6546875 0.8890625 0.08046875 0.10390625 
2 0.41328125 0.89609375 0.0625 0.13046875 
2 0.77109375 0.88359375 0.09296875 0.1046875 
2 0.53203125 0.90859375 0.1625 0.175 
2 0.2484375 0.90703125 0.09453125 0.115625 
2 0.346875 0.921875 0.14765625 0.1515625 
