2 0.9109375 0.77421875 0.040625 0.0359375 
2 0.42421875 0.796875 0.009375 0.02109375 
5 0.7515625 0.771875 0.03203125 0.06875 
2 0.7515625 0.7734375 0.03125 0.06796875 
2 0.96171875 0.771875 0.0140625 0.0265625 
2 0.47421875 0.81640625 0.02421875 0.03671875 
7 0.45 0.64140625 0.0203125 0.015625 
2 0.83125 0.78046875 0.028125 0.04296875 
2 0.978125 0.77109375 0.015625 0.025 
2 0.99296875 0.76875 0.0140625 0.028125 
2 0.94140625 0.76953125 0.03125 0.0359375 
7 0.50546875 0.6375 0.01640625 0.015625 
2 0.45703125 0.81640625 0.05234375 0.03671875 
2 0.53125 0.81328125 0.04609375 0.040625 
2 0.7703125 0.7859375 0.04140625 0.05 
2 0.89609375 0.8890625 0.20703125 0.215625 
2 0.15546875 0.8703125 0.31015625 0.25546875 
2 0.475 0.91171875 0.2578125 0.17578125 
