2 0.765625 0.79375 0.01875 0.03046875 
2 0.58828125 0.84140625 0.05625 0.09609375 
2 0.71171875 0.7984375 0.03828125 0.03359375 
2 0.37890625 0.81953125 0.01796875 0.02578125 
2 0.428125 0.81953125 0.03359375 0.05703125 
2 0.80546875 0.7859375 0.02890625 0.046875 
7 0.50546875 0.6375 0.0171875 0.015625 
2 0.89921875 0.88828125 0.20078125 0.21796875 
7 0.44921875 0.640625 0.0203125 0.01640625 
2 0.35859375 0.81875 0.0296875 0.03359375 
2 0.4765625 0.81484375 0.11953125 0.07421875 
2 0.78046875 0.78984375 0.03125 0.0390625 
2 0.5390625 0.83203125 0.028125 0.0390625 
2 0.4 0.8171875 0.02421875 0.0359375 
2 0.65390625 0.840625 0.16171875 0.115625 
2 0.4765625 0.91171875 0.2578125 0.1765625 
2 0.1625 0.87109375 0.325 0.2546875 
