2 0.9046875 0.7609375 0.025 0.03828125 
5 0.73828125 0.7609375 0.0203125 0.0734375 
2 0.0390625 0.8265625 0.07421875 0.09453125 
2 0.73828125 0.7609375 0.01953125 0.071875 
7 0.45 0.63046875 0.0203125 0.01640625 
2 0.84609375 0.75546875 0.1078125 0.09375 
2 0.00546875 0.8234375 0.0109375 0.096875 
2 0.68828125 0.7875 0.028125 0.02890625 
7 0.50546875 0.628125 0.01640625 0.015625 
2 0.91953125 0.759375 0.05 0.04453125 
2 0.709375 0.78046875 0.02734375 0.04140625 
2 0.9453125 0.75859375 0.03125 0.0390625 
2 0.86484375 0.88515625 0.26875 0.22578125 
2 0.98984375 0.75625 0.0203125 0.03046875 
2 0.196875 0.87109375 0.303125 0.25546875 
2 0.48359375 0.9046875 0.2140625 0.190625 
