2 0.21875 0.884375 0.01796875 0.0359375 
4 0.01484375 0.8921875 0.01015625 0.034375 
2 0.48203125 0.87265625 0.01484375 0.03828125 
2 0.61015625 0.86171875 0.01640625 0.0359375 
2 0.4703125 0.86796875 0.01796875 0.0390625 
2 0.3609375 0.87421875 0.02421875 0.0390625 
2 0.55234375 0.865625 0.02578125 0.03828125 
2 0.3359375 0.87578125 0.01953125 0.03359375 
11 0.5015625 0.709375 0.01875 0.01484375 
11 0.55390625 0.70625 0.0171875 0.01484375 
2 0.24296875 0.88359375 0.034375 0.03984375 
5 0.92734375 0.834375 0.14375 0.3203125 
2 0.315625 0.87890625 0.02890625 0.0390625 
2 0.203125 0.884375 0.03515625 0.04453125 
2 0.29921875 0.88046875 0.01796875 0.0359375 
2 0.45078125 0.88125 0.0421875 0.059375 
2 0.2765625 0.88125 0.0296875 0.0390625 
2 0.58359375 0.878125 0.04375 0.06171875 
2 0.17265625 0.8859375 0.028125 0.040625 
2 0.5140625 0.9015625 0.07109375 0.10859375 
2 0.65234375 0.89453125 0.090625 0.128125 
2 0.39921875 0.9109375 0.07578125 0.096875 
16 0.44140625 0.8 0.00703125 0.02578125 
