2 0.3125 0.85859375 0.01796875 0.03359375 
2 0.00703125 0.86328125 0.0125 0.03359375 
2 0.58671875 0.859375 0.028125 0.06796875 
2 0.44375 0.871875 0.03359375 0.09296875 
2 0.4625 0.85078125 0.02578125 0.04296875 
2 0.60546875 0.84921875 0.01875 0.04296875 
7 0.4296875 0.703125 0.025 0.01484375 
2 0.61640625 0.865625 0.0265625 0.06953125 
2 0.41796875 0.890625 0.06015625 0.1234375 
2 0.6875 0.8609375 0.0359375 0.0609375 
5 0.75234375 0.83515625 0.0625 0.10390625 
2 0.9421875 0.9203125 0.115625 0.159375 
2 0.65 0.88046875 0.07265625 0.0984375 
2 0.81953125 0.86640625 0.0796875 0.08515625 
2 0.2671875 0.89921875 0.0921875 0.10546875 
2 0.5328125 0.90703125 0.15078125 0.178125 
2 0.36171875 0.91953125 0.13125 0.15703125 
