2 0.8078125 0.878125 0.06953125 0.121875 
2 0.775 0.846875 0.02421875 0.0484375 
2 0.60625 0.8484375 0.01953125 0.0359375 
2 0.4234375 0.86875 0.0328125 0.08125 
2 0.4453125 0.8484375 0.01953125 0.0359375 
2 0.8953125 0.878125 0.209375 0.24375 
6 0.4140625 0.69140625 0.01953125 0.01640625 
2 0.1359375 0.8640625 0.0328125 0.0453125 
2 0.38046875 0.89140625 0.09296875 0.12578125 
2 0.190625 0.91796875 0.09921875 0.1390625 
2 0.725 0.91796875 0.1328125 0.15625 
2 0.2875 0.9234375 0.2 0.15078125 
2 0.52578125 0.9078125 0.22265625 0.18046875 
2 0.08046875 0.9171875 0.1609375 0.165625 
