2 0.56015625 0.75703125 0.01328125 0.01953125 
2 0.57734375 0.77578125 0.028125 0.04375 
2 0.6328125 0.74375 0.02265625 0.03046875 
2 0.65625 0.75078125 0.021875 0.06015625 
2 0.54375 0.75859375 0.01640625 0.02421875 
2 0.51328125 0.7640625 0.01796875 0.02578125 
2 0.48984375 0.7734375 0.0234375 0.03046875 
2 0.13203125 0.9328125 0.2640625 0.134375 
3 0.32578125 0.796875 0.0890625 0.1203125 
2 0.384375 0.81796875 0.05234375 0.06953125 
6 0.553125 0.590625 0.03203125 0.01640625 
6 0.48828125 0.5953125 0.0296875 0.01015625 
