2 0.77734375 0.8390625 0.028125 0.046875 
2 0.41640625 0.83515625 0.01484375 0.0296875 
2 0.7890625 0.8390625 0.03203125 0.0515625 
2 0.64921875 0.82890625 0.015625 0.028125 
2 0.75390625 0.8390625 0.02734375 0.0484375 
2 0.43359375 0.8484375 0.02265625 0.03984375 
2 0.58828125 0.8546875 0.0265625 0.04453125 
2 0.4875 0.84609375 0.02265625 0.03046875 
2 0.53203125 0.84375 0.0140625 0.03515625 
2 0.76640625 0.8390625 0.02578125 0.046875 
2 0.73515625 0.83828125 0.040625 0.04921875 
2 0.50078125 0.8453125 0.028125 0.03125 
2 0.8078125 0.83671875 0.04296875 0.05625 
2 0.546875 0.84921875 0.02890625 0.053125 
2 0.1125 0.875 0.075 0.08359375 
2 0.65234375 0.91953125 0.2 0.15703125 
