2 0.61328125 0.85234375 0.05546875 0.10078125 
2 0.72734375 0.76796875 0.034375 0.03828125 
2 0.46640625 0.79765625 0.03125 0.034375 
2 0.478125 0.796875 0.0203125 0.028125 
2 0.5421875 0.80078125 0.02578125 0.0359375 
2 0.63984375 0.775 0.03515625 0.04296875 
2 0.89375 0.7546875 0.01875 0.028125 
2 0.84140625 0.75859375 0.01875 0.02421875 
2 0.7828125 0.76796875 0.0296875 0.03203125 
2 0.67109375 0.77734375 0.0234375 0.02890625 
2 0.75625 0.7703125 0.0203125 0.0296875 
2 0.52421875 0.80078125 0.046875 0.03984375 
2 0.45703125 0.85546875 0.04921875 0.078125 
2 0.69375 0.87578125 0.11484375 0.1703125 
7 0.50234375 0.70234375 0.01640625 0.01015625 
7 0.46875 0.7046875 0.01484375 0.00859375 
