2 0.590625 0.853125 0.015625 0.021875 
2 0.10078125 0.8734375 0.03359375 0.0609375 
2 0.99375 0.7734375 0.0125 0.053125 
2 0.9015625 0.79453125 0.028125 0.04296875 
7 0.528125 0.74453125 0.01484375 0.01484375 
2 0.42890625 0.8609375 0.040625 0.06328125 
2 0.9421875 0.7890625 0.03203125 0.046875 
2 0.01484375 0.859375 0.028125 0.078125 
2 0.3640625 0.909375 0.0921875 0.17421875 
2 0.61484375 0.84765625 0.021875 0.03046875 
2 0.54765625 0.83671875 0.08828125 0.06640625 
2 0.76328125 0.81484375 0.0296875 0.04453125 
2 0.96640625 0.77890625 0.065625 0.0640625 
2 0.8828125 0.79921875 0.05703125 0.046875 
2 0.81484375 0.80859375 0.071875 0.0609375 
2 0.51953125 0.925 0.2796875 0.14609375 
2 0.215625 0.91171875 0.271875 0.175 
7 0.49296875 0.74921875 0.01796875 0.01171875 
