7 0.8765625 0.53671875 0.01953125 0.01640625 
5 0.1859375 0.85078125 0.0390625 0.06171875 
2 0.97734375 0.83828125 0.0453125 0.13515625 
7 0.38828125 0.70703125 0.02109375 0.0140625 
2 0.2359375 0.86875 0.02421875 0.046875 
2 0.80859375 0.840625 0.02734375 0.0765625 
4 0.2546875 0.91640625 0.0421875 0.09609375 
7 0.19140625 0.50390625 0.05390625 0.0296875 
2 0.5046875 0.846875 0.02421875 0.040625 
2 0.428125 0.85234375 0.03828125 0.0453125 
2 0.5625 0.846875 0.04375 0.04375 
2 0.08125 0.87109375 0.04140625 0.034375 
2 0.76953125 0.8796875 0.0953125 0.15546875 
2 0.88359375 0.9109375 0.2328125 0.178125 
7 0.45078125 0.703125 0.025 0.015625 
