2 0.00703125 0.87265625 0.0140625 0.0328125 
7 0.38828125 0.70859375 0.0234375 0.01484375 
7 0.1890625 0.50234375 0.0546875 0.02890625 
2 0.175 0.853125 0.0421875 0.0609375 
2 0.81875 0.821875 0.03515625 0.03984375 
2 0.7953125 0.91953125 0.084375 0.15859375 
2 0.93671875 0.79609375 0.0609375 0.05546875 
2 0.984375 0.8 0.03125 0.06328125 
4 0.2515625 0.9171875 0.04296875 0.103125 
2 0.225 0.86328125 0.02421875 0.034375 
2 0.56171875 0.846875 0.0421875 0.04296875 
2 0.5046875 0.85078125 0.02421875 0.03515625 
2 0.075 0.871875 0.04375 0.03828125 
2 0.4265625 0.85234375 0.03828125 0.0453125 
2 0.78046875 0.87578125 0.1 0.15 
2 0.87734375 0.909375 0.24453125 0.18046875 
7 0.45234375 0.70703125 0.0265625 0.01328125 
