6 0.503125 0.4625 0.0703125 0.034375 
2 0.49609375 0.86953125 0.0234375 0.03671875 
2 0.55546875 0.8640625 0.0171875 0.02578125 
2 0.5828125 0.86796875 0.01953125 0.02890625 
2 0.41953125 0.90703125 0.05625 0.08984375 
3 0.71328125 0.86875 0.11171875 0.22109375 
2 0.525 0.8734375 0.0328125 0.0390625 
2 0.1578125 0.940625 0.31171875 0.11875 
2 0.6125 0.87890625 0.02734375 0.04296875 
2 0.8890625 0.909375 0.21953125 0.18125 
2 0.56796875 0.909375 0.05546875 0.0734375 
2 0.36796875 0.9265625 0.09765625 0.11171875 
2 0.475 0.93515625 0.0984375 0.12578125 
17 0.946875 0.6890625 0.02265625 0.10625 
6 0.67265625 0.4453125 0.07421875 0.0375 
