2 0.60859375 0.846875 0.02109375 0.0359375 
2 0.5890625 0.85703125 0.0234375 0.0515625 
2 0.61875 0.86640625 0.02890625 0.06484375 
2 0.44375 0.884375 0.0375 0.1015625 
7 0.42265625 0.703125 0.01875 0.01484375 
2 0.4609375 0.865625 0.02578125 0.05859375 
2 0.64765625 0.88359375 0.07421875 0.0953125 
2 0.41328125 0.89609375 0.06328125 0.13046875 
2 0.7234375 0.87578125 0.075 0.08125 
2 0.0984375 0.9296875 0.1765625 0.13359375 
2 0.53203125 0.909375 0.15625 0.17421875 
2 0.2484375 0.90625 0.09453125 0.115625 
2 0.346875 0.921875 0.14765625 0.1515625 
