2 0.73828125 0.8609375 0.0359375 0.05390625 
2 0.93359375 0.76796875 0.05625 0.0609375 
2 0.2828125 0.89453125 0.08359375 0.2 
2 0.86796875 0.8015625 0.0546875 0.0703125 
2 0.38671875 0.81875 0.0265625 0.03359375 
7 0.50546875 0.6375 0.01640625 0.015625 
2 0.40703125 0.81875 0.034375 0.03359375 
7 0.45 0.640625 0.02109375 0.01640625 
2 0.93125 0.71640625 0.03984375 0.05 
2 0.28125 0.83046875 0.06875 0.0890625 
2 0.8859375 0.8921875 0.228125 0.215625 
2 0.6796875 0.8375 0.14296875 0.12109375 
2 0.153125 0.87109375 0.30546875 0.25546875 
2 0.47578125 0.91015625 0.25703125 0.1796875 
