2 0.55 0.86328125 0.01796875 0.021875 
2 0.79453125 0.85234375 0.02109375 0.0359375 
2 0.428125 0.88203125 0.0140625 0.03125 
2 0.34453125 0.8796875 0.021875 0.03359375 
2 0.503125 0.86171875 0.01640625 0.0265625 
2 0.259375 0.9375 0.06015625 0.1140625 
2 0.76015625 0.859375 0.06796875 0.05 
2 0.0921875 0.89609375 0.046875 0.04453125 
2 0.21875 0.934375 0.134375 0.128125 
2 0.38046875 0.93203125 0.1140625 0.13125 
6 0.1015625 0.44296875 0.07578125 0.03515625 
6 0.37109375 0.721875 0.02421875 0.01328125 
6 0.440625 0.71875 0.025 0.0171875 
