2 0.875 0.73359375 0.01640625 0.0203125 
2 0.43125 0.8609375 0.01484375 0.0265625 
2 0.334375 0.86953125 0.0234375 0.03515625 
2 0.21171875 0.878125 0.021875 0.03984375 
2 0.00625 0.88515625 0.009375 0.040625 
11 0.55625 0.69453125 0.0203125 0.01484375 
2 0.19375 0.87890625 0.03046875 0.04375 
2 0.5453125 0.85390625 0.01171875 0.0265625 
2 0.4828125 0.86015625 0.01171875 0.028125 
5 0.93203125 0.825 0.1359375 0.328125 
2 0.36015625 0.8671875 0.02734375 0.0359375 
2 0.27109375 0.87421875 0.0265625 0.03671875 
11 0.50234375 0.696875 0.01875 0.015625 
2 0.47265625 0.8640625 0.01953125 0.04375 
2 0.31171875 0.8734375 0.02734375 0.0390625 
2 0.2421875 0.8765625 0.04296875 0.04296875 
2 0.2953125 0.87421875 0.01796875 0.034375 
2 0.51484375 0.89296875 0.0703125 0.1046875 
2 0.55625 0.86171875 0.02265625 0.03828125 
2 0.453125 0.8734375 0.03984375 0.0609375 
2 0.1671875 0.88046875 0.0328125 0.04140625 
2 0.5859375 0.87421875 0.04453125 0.0609375 
2 0.653125 0.88671875 0.0890625 0.12578125 
2 0.4 0.903125 0.0734375 0.0984375 
16 0.440625 0.7921875 0.0046875 0.02578125 
