2 0.74375 0.8203125 0.0265625 0.03359375 
2 0.7125 0.82890625 0.0296875 0.04453125 
2 0.303125 0.846875 0.0140625 0.02109375 
2 0.38046875 0.85078125 0.0171875 0.01953125 
2 0.3609375 0.8515625 0.01328125 0.02109375 
5 0.440625 0.8734375 0.0625 0.09921875 
2 0.01171875 0.875 0.0234375 0.040625 
2 0.440625 0.87421875 0.0625 0.1 
2 0.06328125 0.8515625 0.02109375 0.03359375 
2 0.48125 0.85546875 0.025 0.040625 
2 0.321875 0.85546875 0.02578125 0.040625 
2 0.5296875 0.87265625 0.04921875 0.06953125 
2 0.090625 0.8734375 0.0640625 0.09453125 
2 0.21484375 0.90703125 0.2671875 0.184375 
