2 0.26640625 0.81640625 0.0734375 0.11484375 
2 0.765625 0.79296875 0.01796875 0.03046875 
2 0.8984375 0.77578125 0.03125 0.0390625 
2 0.61796875 0.84921875 0.0390625 0.05859375 
2 0.71640625 0.79609375 0.0375 0.03828125 
7 0.45 0.64140625 0.0203125 0.01640625 
2 0.80625 0.78515625 0.03359375 0.0484375 
2 0.5640625 0.84453125 0.12578125 0.1046875 
7 0.50625 0.6375 0.01640625 0.015625 
2 0.78046875 0.78984375 0.03203125 0.0390625 
2 0.68046875 0.80234375 0.0421875 0.034375 
2 0.91171875 0.8953125 0.1765625 0.209375 
2 0.4765625 0.9046875 0.26171875 0.190625 
2 0.1578125 0.871875 0.315625 0.25 
