2 0.8125 0.7828125 0.025 0.03046875 
2 0.98828125 0.84453125 0.021875 0.1140625 
2 0.24921875 0.84140625 0.02578125 0.053125 
2 0.30078125 0.84921875 0.03125 0.04140625 
2 0.1984375 0.84609375 0.015625 0.040625 
2 0.73828125 0.80703125 0.040625 0.040625 
2 0.890625 0.778125 0.03125 0.04453125 
2 0.93671875 0.809375 0.0484375 0.0546875 
2 0.85546875 0.7859375 0.0328125 0.040625 
2 0.95625 0.84921875 0.07890625 0.090625 
2 0.84375 0.83046875 0.071875 0.08125 
2 0.346875 0.853125 0.06015625 0.0484375 
6 0.93515625 0.6375 0.02109375 0.0140625 
6 0.86796875 0.64296875 0.01875 0.01484375 
