2 0.30390625 0.84453125 0.01796875 0.01875 
2 0.26796875 0.84609375 0.01953125 0.02578125 
2 0.37578125 0.84453125 0.01640625 0.01796875 
2 0.5046875 0.840625 0.01953125 0.03203125 
2 0.33125 0.840625 0.01171875 0.021875 
2 0.21484375 0.8484375 0.02109375 0.02890625 
2 0.01640625 0.9109375 0.0328125 0.14453125 
2 0.19453125 0.85234375 0.01796875 0.0234375 
2 0.24765625 0.86640625 0.0375 0.053125 
2 0.290625 0.8734375 0.0515625 0.065625 
2 0.37890625 0.9203125 0.07578125 0.1515625 
2 0.4515625 0.9328125 0.190625 0.134375 
