2 0.9078125 0.775 0.02421875 0.02421875 
2 0.7390625 0.82734375 0.06953125 0.06953125 
7 0.528125 0.74453125 0.01484375 0.01328125 
2 0.8875 0.80234375 0.05625 0.05859375 
2 0.784375 0.83125 0.03515625 0.04453125 
2 0.99140625 0.778125 0.015625 0.040625 
2 0.97578125 0.78046875 0.028125 0.0453125 
2 0.11640625 0.859375 0.1421875 0.28046875 
2 0.95 0.7859375 0.04609375 0.053125 
2 0.5484375 0.8359375 0.08046875 0.06484375 
2 0.92578125 0.796875 0.0359375 0.04609375 
2 0.428125 0.8609375 0.040625 0.06171875 
2 0.36953125 0.903125 0.08828125 0.1796875 
2 0.46484375 0.85625 0.03203125 0.03125 
2 0.8625 0.80625 0.03125 0.053125 
2 0.51953125 0.925 0.28046875 0.1484375 
2 0.253125 0.9140625 0.20234375 0.171875 
