2 0.553125 0.8484375 0.02265625 0.03671875 
2 0.1046875 0.87890625 0.03046875 0.03984375 
2 0.76171875 0.8484375 0.025 0.03671875 
2 0.6296875 0.853125 0.0140625 0.03515625 
2 0.0140625 0.86953125 0.0265625 0.05546875 
2 0.53203125 0.85546875 0.025 0.0390625 
2 0.51015625 0.85 0.01328125 0.0296875 
2 0.121875 0.8765625 0.05703125 0.046875 
2 0.49375 0.853125 0.02421875 0.0453125 
2 0.03125 0.87109375 0.053125 0.06015625 
2 0.43671875 0.8625 0.02890625 0.03984375 
2 0.47265625 0.86484375 0.0375 0.05546875 
2 0.584375 0.9015625 0.10703125 0.15546875 
