2 0.90703125 0.31796875 0.0171875 0.03203125 
2 0.9359375 0.81640625 0.090625 0.084375 
2 0.7046875 0.8453125 0.02578125 0.04296875 
2 0.840625 0.828125 0.04609375 0.0640625 
6 0.496875 0.565625 0.034375 0.021875 
2 0.94140625 0.91015625 0.1171875 0.1796875 
2 0.5140625 0.853125 0.02578125 0.0390625 
2 0.54453125 0.8484375 0.01796875 0.03359375 
2 0.43828125 0.85390625 0.02734375 0.04453125 
2 0.396875 0.89296875 0.07890625 0.09453125 
2 0.75546875 0.89375 0.1046875 0.125 
2 0.47421875 0.903125 0.090625 0.1234375 
2 0.59609375 0.90703125 0.11796875 0.18125 
6 0.59921875 0.559375 0.03828125 0.0265625 
