2 0.06953125 0.85859375 0.0234375 0.040625 
1 0.84296875 0.8546875 0.046875 0.08359375 
2 0.4890625 0.83828125 0.015625 0.03828125 
2 0.12890625 0.85703125 0.02109375 0.03203125 
2 0.178125 0.85546875 0.0125 0.0296875 
2 0.4484375 0.84453125 0.01796875 0.02421875 
2 0.22578125 0.85859375 0.01953125 0.04609375 
0 0.42109375 0.8546875 0.0125 0.04296875 
7 0.384375 0.703125 0.021875 0.0109375 
2 0.103125 0.85703125 0.0375 0.03828125 
2 0.31484375 0.8515625 0.01796875 0.025 
2 0.3796875 0.85078125 0.02578125 0.03046875 
2 0.04453125 0.859375 0.03515625 0.04921875 
2 0.2 0.871875 0.04609375 0.08203125 
2 0.3484375 0.86953125 0.06328125 0.0703125 
2 0.27109375 0.884375 0.09453125 0.10546875 
15 0.33125 0.70625 0.02265625 0.0109375 
7 0.46953125 0.75234375 0.01328125 0.0078125 
7 0.4296875 0.75390625 0.0140625 0.0078125 
