2 0.31796875 0.8609375 0.02109375 0.03359375 
2 0.83828125 0.8375 0.0265625 0.0359375 
2 0.2296875 0.86328125 0.0171875 0.03671875 
2 0.45703125 0.86640625 0.04375 0.04453125 
2 0.49921875 0.86875 0.05 0.04140625 
2 0.98984375 0.81640625 0.0203125 0.07421875 
2 0.27890625 0.8640625 0.03671875 0.0453125 
2 0.45546875 0.90703125 0.15703125 0.10625 
2 0.2484375 0.86796875 0.0328125 0.04375 
2 0.20625 0.8671875 0.04296875 0.046875 
7 0.5640625 0.646875 0.02578125 0.0203125 
2 0.9375 0.8140625 0.121875 0.10703125 
2 0.109375 0.8734375 0.0453125 0.04140625 
2 0.86328125 0.83359375 0.059375 0.06328125 
