2 0.94140625 0.9453125 0.115625 0.10546875 
2 0.75546875 0.8671875 0.034375 0.03984375 
5 0.63203125 0.83828125 0.04765625 0.0984375 
2 0.4796875 0.8515625 0.01796875 0.046875 
0 0.27265625 0.84453125 0.01015625 0.06328125 
6 0.5390625 0.728125 0.0171875 0.015625 
2 0.4921875 0.84453125 0.01328125 0.03046875 
2 0.19453125 0.8640625 0.09453125 0.08515625 
2 0.6328125 0.8390625 0.0484375 0.09453125 
2 0.434375 0.834375 0.07734375 0.14921875 
2 0.553125 0.8546875 0.02734375 0.0390625 
2 0.59296875 0.871875 0.05390625 0.075 
2 0.12890625 0.92265625 0.2578125 0.1546875 
2 0.7921875 0.90546875 0.1125 0.13125 
