5 0.75546875 0.771875 0.04140625 0.071875 
2 0.75546875 0.77265625 0.040625 0.07109375 
2 0.284375 0.89921875 0.08203125 0.19140625 
2 0.35078125 0.81875 0.03828125 0.034375 
2 0.990625 0.765625 0.01875 0.0390625 
2 0.30859375 0.8375 0.03671875 0.065625 
7 0.50546875 0.6375 0.0171875 0.015625 
7 0.45 0.640625 0.0203125 0.01640625 
2 0.45390625 0.809375 0.05078125 0.04921875 
2 0.79140625 0.78203125 0.03046875 0.05 
2 0.2828125 0.83515625 0.05703125 0.08515625 
2 0.6203125 0.80625 0.05546875 0.0390625 
2 0.91015625 0.890625 0.1796875 0.21875 
2 0.15 0.8703125 0.3 0.253125 
2 0.475 0.91015625 0.259375 0.1796875 
