2 0.61875 0.72890625 0.05625 0.0453125 
2 0.84765625 0.30390625 0.0078125 0.028125 
2 0.19453125 0.89140625 0.13046875 0.16484375 
2 0.77265625 0.7765625 0.01640625 0.03984375 
2 0.76015625 0.76953125 0.02734375 0.05390625 
2 0.2796875 0.85703125 0.07578125 0.075 
7 0.5515625 0.59296875 0.01953125 0.01640625 
5 0.19765625 0.884375 0.12265625 0.15078125 
2 0.73203125 0.7671875 0.03984375 0.06171875 
2 0.52265625 0.7546875 0.021875 0.028125 
2 0.065625 0.88046875 0.12890625 0.221875 
2 0.47734375 0.81875 0.07578125 0.06953125 
