2 0.7453125 0.840625 0.0359375 0.04453125 
2 0.61875 0.84453125 0.02109375 0.03984375 
2 0.0890625 0.87890625 0.0515625 0.053125 
2 0.72734375 0.83515625 0.01875 0.028125 
2 0.81875 0.85859375 0.01484375 0.06875 
2 0.05859375 0.88359375 0.03125 0.0484375 
2 0.2671875 0.85859375 0.0265625 0.03125 
6 0.46328125 0.6296875 0.02734375 0.021875 
2 0.76015625 0.85 0.053125 0.06328125 
2 0.03359375 0.8734375 0.0671875 0.075 
2 0.43046875 0.928125 0.259375 0.14375 
2 0.3265625 0.91796875 0.121875 0.1609375 
2 0.7 0.90546875 0.08984375 0.1296875 
6 0.5703125 0.62109375 0.03203125 0.02265625 
