7 0.52734375 0.74453125 0.01328125 0.01328125 
2 0.7375 0.80625 0.04296875 0.06015625 
5 0.7390625 0.80546875 0.04453125 0.0609375 
2 0.42890625 0.86171875 0.03984375 0.06015625 
2 0.12109375 0.85703125 0.13125 0.2859375 
2 0.63515625 0.84140625 0.040625 0.04296875 
2 0.84609375 0.81015625 0.0375 0.05 
2 0.90703125 0.7890625 0.025 0.04921875 
2 0.54609375 0.83515625 0.0765625 0.06328125 
2 0.3703125 0.903125 0.0875 0.1796875 
2 0.47734375 0.85390625 0.03125 0.03359375 
2 0.93671875 0.7890625 0.0640625 0.0515625 
2 0.97265625 0.78359375 0.025 0.0390625 
2 0.60703125 0.84453125 0.053125 0.0484375 
2 0.51875 0.92578125 0.28125 0.1484375 
2 0.80234375 0.8203125 0.0984375 0.07421875 
2 0.253125 0.9125 0.203125 0.175 
