2 0.4078125 0.82421875 0.021875 0.025 
2 0.765625 0.8640625 0.0375 0.0453125 
2 0.73125 0.86171875 0.02734375 0.0390625 
2 0.37890625 0.828125 0.03671875 0.03828125 
2 0.4828125 0.81875 0.01171875 0.028125 
2 0.51484375 0.8296875 0.0203125 0.040625 
2 0.46484375 0.82109375 0.0125 0.02421875 
2 0.03984375 0.88359375 0.0796875 0.1234375 
2 0.53203125 0.840625 0.03125 0.0453125 
2 0.896875 0.9203125 0.203125 0.159375 
2 0.4375 0.84453125 0.03984375 0.06171875 
2 0.2203125 0.8875 0.09375 0.12890625 
2 0.334375 0.84296875 0.04140625 0.08125 
2 0.575 0.8609375 0.06484375 0.078125 
2 0.3875 0.8765625 0.07734375 0.1046875 
2 0.284375 0.85078125 0.07421875 0.13515625 
2 0.109375 0.9109375 0.15703125 0.1734375 
