0 0.13203125 0.84140625 0.01015625 0.07578125 
2 0.50859375 0.834375 0.01171875 0.01640625 
2 0.79609375 0.821875 0.021875 0.01875 
2 0.5453125 0.84453125 0.01328125 0.03515625 
0 0.0671875 0.85546875 0.0140625 0.09453125 
6 0.5390625 0.728125 0.01796875 0.0140625 
0 0.0453125 0.8515625 0.01484375 0.09296875 
2 0.33828125 0.85703125 0.0328125 0.0390625 
2 0.35703125 0.85703125 0.040625 0.040625 
2 0.578125 0.83671875 0.05859375 0.10703125 
2 0.89921875 0.8921875 0.1984375 0.215625 
2 0.63046875 0.88671875 0.06875 0.09453125 
17 0.26875 0.78125 0.00859375 0.03203125 
