2 0.0859375 0.88515625 0.16796875 0.2296875 
2 0.35 0.84453125 0.03046875 0.04609375 
5 0.0859375 0.884375 0.17109375 0.23125 
2 0.48671875 0.84140625 0.0171875 0.034375 
5 0.975 0.65859375 0.05 0.10390625 
2 0.41796875 0.8609375 0.01875 0.03515625 
2 0.46953125 0.85078125 0.0171875 0.02890625 
2 0.39921875 0.8625 0.02734375 0.03828125 
7 0.60234375 0.57890625 0.04140625 0.02578125 
2 0.43828125 0.86328125 0.02734375 0.040625 
7 0.490625 0.58984375 0.04296875 0.028125 
2 0.8828125 0.87109375 0.234375 0.2515625 
2 0.70859375 0.91171875 0.11171875 0.16953125 
2 0.5375 0.91875 0.2453125 0.16171875 
