2 0.52578125 0.796875 0.01328125 0.02421875 
2 0.98203125 0.8125 0.03515625 0.06796875 
2 0.515625 0.8046875 0.02265625 0.02421875 
2 0.38671875 0.8203125 0.0171875 0.021875 
2 0.5671875 0.79609375 0.0265625 0.03203125 
2 0.45234375 0.81640625 0.015625 0.0203125 
2 0.4203125 0.8203125 0.01953125 0.021875 
2 0.88359375 0.83203125 0.053125 0.08359375 
2 0.96328125 0.81875 0.0703125 0.0765625 
2 0.53515625 0.83359375 0.02890625 0.0484375 
2 0.490625 0.83125 0.02890625 0.04453125 
2 0.2875 0.846875 0.04140625 0.06484375 
2 0.8296875 0.846875 0.059375 0.08046875 
2 0.078125 0.89609375 0.1265625 0.09453125 
2 0.46171875 0.85703125 0.040625 0.0703125 
2 0.6140625 0.91875 0.11328125 0.153125 
6 0.55546875 0.65546875 0.01875 0.01484375 
6 0.496875 0.6578125 0.021875 0.0140625 
