2 0.6890625 0.803125 0.02421875 0.02578125 
2 0.99375 0.8046875 0.0125 0.10546875 
2 0.7265625 0.79609375 0.02578125 0.03359375 
2 0.765625 0.79296875 0.01875 0.03046875 
2 0.58671875 0.834375 0.06640625 0.0609375 
2 0.70546875 0.7984375 0.0390625 0.03359375 
2 0.28359375 0.89296875 0.084375 0.2140625 
2 0.80625 0.784375 0.03359375 0.05078125 
2 0.6109375 0.8390625 0.03828125 0.05078125 
2 0.78046875 0.78984375 0.03046875 0.0390625 
2 0.31796875 0.84296875 0.12890625 0.1140625 
2 0.91171875 0.8875 0.1765625 0.225 
2 0.14453125 0.871875 0.2875 0.2515625 
2 0.475 0.915625 0.2609375 0.16875 
