2 0.7015625 0.7765625 0.04765625 0.08046875 
2 0.31875 0.846875 0.0359375 0.05859375 
2 0.74453125 0.80078125 0.11953125 0.12890625 
7 0.50546875 0.6390625 0.0171875 0.01640625 
2 0.290625 0.84375 0.0625 0.08359375 
2 0.9890625 0.76796875 0.021875 0.034375 
7 0.44921875 0.64140625 0.02109375 0.01796875 
2 0.3375 0.84296875 0.028125 0.04375 
2 0.65234375 0.775 0.0359375 0.06875 
2 0.91015625 0.8875 0.1796875 0.225 
2 0.475 0.9140625 0.26015625 0.171875 
2 0.16328125 0.87109375 0.32578125 0.25546875 
