2 0.68359375 0.86953125 0.025 0.04609375 
2 0.6296875 0.86953125 0.03828125 0.075 
2 0.36953125 0.84453125 0.02890625 0.01875 
2 0.61796875 0.86640625 0.028125 0.0640625 
2 0.6078125 0.84921875 0.0203125 0.0390625 
2 0.58984375 0.85703125 0.02265625 0.04921875 
2 0.2125 0.86640625 0.0203125 0.02890625 
7 0.421875 0.70390625 0.01875 0.01484375 
2 0.18984375 0.86953125 0.0328125 0.03203125 
2 0.4609375 0.86640625 0.02578125 0.05859375 
2 0.4421875 0.88125 0.03828125 0.10390625 
2 0.6484375 0.8859375 0.07265625 0.09140625 
2 0.7234375 0.8765625 0.075 0.08203125 
2 0.4125 0.89609375 0.06328125 0.13046875 
2 0.09765625 0.93046875 0.17734375 0.13359375 
2 0.53203125 0.909375 0.15703125 0.1734375 
2 0.2484375 0.90625 0.09453125 0.115625 
2 0.346875 0.92265625 0.14765625 0.15078125 
