2 0.86640625 0.80546875 0.0265625 0.053125 
1 0.73984375 0.80078125 0.0484375 0.06875 
2 0.76953125 0.809375 0.02578125 0.0453125 
2 0.740625 0.803125 0.04765625 0.06640625 
2 0.98515625 0.771875 0.0265625 0.04453125 
7 0.528125 0.74453125 0.01328125 0.01328125 
5 0.740625 0.803125 0.04765625 0.06640625 
2 0.6484375 0.84375 0.02578125 0.03515625 
2 0.1171875 0.85625 0.1390625 0.28671875 
2 0.90546875 0.77578125 0.0234375 0.025 
2 0.4296875 0.859375 0.040625 0.06015625 
2 0.54609375 0.83359375 0.078125 0.06171875 
2 0.8828125 0.803125 0.059375 0.05859375 
2 0.97578125 0.78046875 0.03125 0.046875 
2 0.95 0.7859375 0.040625 0.05 
2 0.48046875 0.85078125 0.03359375 0.03828125 
2 0.92734375 0.796875 0.0359375 0.04609375 
2 0.3703125 0.90234375 0.0875 0.17890625 
2 0.5203125 0.92421875 0.28125 0.15078125 
2 0.6109375 0.84375 0.05859375 0.05390625 
2 0.25390625 0.91015625 0.20234375 0.1796875 
