1 0.73984375 0.8015625 0.05 0.06640625 
2 0.76953125 0.80859375 0.025 0.0453125 
7 0.528125 0.74453125 0.01328125 0.01328125 
2 0.73984375 0.803125 0.05 0.065625 
5 0.73984375 0.803125 0.04921875 0.065625 
2 0.90625 0.78984375 0.02734375 0.05 
2 0.11796875 0.85703125 0.13671875 0.2859375 
2 0.43046875 0.8609375 0.04375 0.0640625 
2 0.5453125 0.8359375 0.08046875 0.06484375 
2 0.4953125 0.84609375 0.028125 0.03671875 
2 0.93671875 0.78828125 0.0609375 0.053125 
2 0.35625 0.89921875 0.11640625 0.18046875 
2 0.97265625 0.78359375 0.025 0.0390625 
2 0.51953125 0.92578125 0.278125 0.14453125 
2 0.253125 0.91328125 0.19921875 0.1734375 
