5 0.73984375 0.80078125 0.0484375 0.06953125 
2 0.834375 0.8015625 0.01640625 0.04453125 
2 0.7671875 0.815625 0.02421875 0.03984375 
2 0.42890625 0.8609375 0.04140625 0.05703125 
7 0.528125 0.74453125 0.01484375 0.01328125 
5 0.98984375 0.76640625 0.0203125 0.06328125 
2 0.5484375 0.83671875 0.08828125 0.06640625 
2 0.36484375 0.90390625 0.096875 0.18046875 
2 0.98984375 0.76640625 0.0203125 0.06328125 
2 0.90703125 0.78828125 0.0265625 0.04921875 
2 0.80078125 0.81015625 0.075 0.0609375 
2 0.08203125 0.8546875 0.159375 0.2890625 
2 0.51953125 0.92421875 0.28046875 0.15 
2 0.94140625 0.78359375 0.0734375 0.06484375 
2 0.24375 0.91171875 0.2203125 0.171875 
