2 0.83359375 0.8203125 0.0265625 0.03359375 
2 0.41796875 0.86171875 0.0171875 0.0265625 
2 0.7 0.83203125 0.040625 0.05078125 
2 0.35859375 0.91953125 0.0296875 0.12421875 
2 0.78828125 0.8234375 0.028125 0.0359375 
2 0.7296875 0.8265625 0.0296875 0.05546875 
6 0.3921875 0.66953125 0.02890625 0.01875 
2 0.1765625 0.8734375 0.04765625 0.096875 
2 0.68828125 0.8359375 0.03125 0.04609375 
6 0.3203125 0.6703125 0.0265625 0.015625 
2 0.15078125 0.89296875 0.075 0.096875 
2 0.2359375 0.89609375 0.0765625 0.10625 
2 0.396875 0.86875 0.02734375 0.053125 
2 0.36953125 0.87890625 0.04765625 0.08359375 
2 0.08203125 0.9203125 0.16328125 0.159375 
2 0.30625 0.921875 0.12265625 0.15078125 
