2 0.2234375 0.88671875 0.03046875 0.040625 
2 0.9390625 0.91328125 0.11953125 0.1703125 
2 0.375 0.859375 0.01484375 0.0234375 
11 0.40390625 0.69453125 0.0265625 0.01328125 
2 0.58671875 0.86796875 0.02734375 0.04921875 
2 0.4703125 0.8609375 0.0140625 0.0296875 
2 0.0390625 0.8765625 0.04296875 0.05625 
2 0.67265625 0.86953125 0.0453125 0.065625 
2 0.09375 0.871875 0.05390625 0.05546875 
2 0.04375 0.92265625 0.0875 0.1484375 
2 0.45078125 0.87421875 0.03359375 0.071875 
2 0.2671875 0.8875 0.04453125 0.06796875 
2 0.41484375 0.89296875 0.07265625 0.1046875 
2 0.5265625 0.9140625 0.14296875 0.16484375 
2 0.634375 0.89140625 0.06953125 0.08671875 
2 0.77578125 0.90078125 0.19296875 0.1984375 
2 0.15234375 0.928125 0.1671875 0.14296875 
2 0.31875 0.9265625 0.1640625 0.14609375 
