2 0.94375 0.9109375 0.109375 0.1296875 
2 0.67734375 0.82890625 0.0125 0.021875 
2 0.6453125 0.83359375 0.01171875 0.02578125 
7 0.84921875 0.490625 0.0234375 0.02109375 
7 0.0125 0.48671875 0.025 0.03125 
2 0.77734375 0.8265625 0.0375 0.04375 
2 0.6890625 0.90625 0.03671875 0.115625 
2 0.4421875 0.859375 0.03046875 0.0359375 
2 0.8875 0.9171875 0.225 0.159375 
2 0.125 0.92890625 0.25 0.1359375 
2 0.5265625 0.90390625 0.18828125 0.175 
2 0.725 0.91328125 0.1015625 0.13359375 
2 0.37890625 0.90546875 0.11640625 0.16484375 
6 0.6234375 0.71875 0.015625 0.01015625 
6 0.5828125 0.721875 0.015625 0.0140625 
