5 0.4359375 0.8734375 0.11328125 0.14296875 
2 0.84765625 0.30390625 0.0078125 0.028125 
2 0.759375 0.76875 0.02734375 0.0546875 
2 0.77265625 0.77734375 0.015625 0.03984375 
2 0.43515625 0.87109375 0.11484375 0.134375 
7 0.5515625 0.59296875 0.01953125 0.01640625 
2 0.63203125 0.73046875 0.025 0.04140625 
2 0.7328125 0.7671875 0.03984375 0.06171875 
2 0.53203125 0.75078125 0.021875 0.02890625 
2 0.41171875 0.828125 0.06796875 0.0640625 
2 0.325 0.86640625 0.11640625 0.175 
2 0.096875 0.86796875 0.13046875 0.0859375 
