2 0.1484375 0.84921875 0.02109375 0.0265625 
2 0.2734375 0.775 0.028125 0.03515625 
2 0.57890625 0.84609375 0.021875 0.03984375 
2 0.4765625 0.84609375 0.01953125 0.03671875 
2 0.4 0.84140625 0.01796875 0.025 
2 0.240625 0.840625 0.0328125 0.03984375 
2 0.290625 0.84140625 0.0265625 0.0390625 
2 0.596875 0.83984375 0.01953125 0.03125 
2 0.41484375 0.8546875 0.03046875 0.04609375 
2 0.6578125 0.8515625 0.0421875 0.05 
2 0.453125 0.86640625 0.0484375 0.06953125 
2 0.52734375 0.9015625 0.11328125 0.18046875 
