2 0.2296875 0.8640625 0.01796875 0.04140625 
2 0.4546875 0.8828125 0.146875 0.08046875 
2 0.2765625 0.8640625 0.03359375 0.040625 
2 0.953125 0.81796875 0.02265625 0.04140625 
2 0.6625 0.89296875 0.14453125 0.1 
2 0.6 0.890625 0.06015625 0.10390625 
2 0.32734375 0.88046875 0.11171875 0.0703125 
2 0.24765625 0.86875 0.03203125 0.04453125 
2 0.7953125 0.84765625 0.04453125 0.0546875 
2 0.2046875 0.86796875 0.03984375 0.0453125 
2 0.01171875 0.90625 0.0234375 0.08359375 
7 0.5640625 0.646875 0.02578125 0.0203125 
2 0.87265625 0.825 0.1328125 0.109375 
2 0.10859375 0.8734375 0.0453125 0.04140625 
2 0.97578125 0.8125 0.0484375 0.075 
