2 0.621875 0.82421875 0.02109375 0.0390625 
2 0.74140625 0.85078125 0.034375 0.03359375 
2 0.2734375 0.84296875 0.0171875 0.025 
2 0.24140625 0.846875 0.0171875 0.0296875 
2 0.38203125 0.84609375 0.01796875 0.02109375 
2 0.3359375 0.83828125 0.01328125 0.021875 
2 0.2203125 0.8484375 0.01796875 0.0296875 
2 0.2 0.84921875 0.01484375 0.021875 
2 0.015625 0.91328125 0.03125 0.14453125 
2 0.5203125 0.840625 0.03203125 0.034375 
2 0.259375 0.8640625 0.03515625 0.0515625 
2 0.2984375 0.8734375 0.05078125 0.0640625 
2 0.39765625 0.915625 0.0828125 0.15 
2 0.46484375 0.928125 0.175 0.13828125 
