2 0.99296875 0.82421875 0.0140625 0.05546875 
2 0.86171875 0.825 0.021875 0.04453125 
2 0.97578125 0.828125 0.0296875 0.04453125 
2 0.14609375 0.8828125 0.03125 0.04140625 
2 0.9171875 0.83046875 0.03125 0.04296875 
2 0.865625 0.84921875 0.025 0.04609375 
11 0.4703125 0.67265625 0.03515625 0.01953125 
2 0.17578125 0.88203125 0.03671875 0.04921875 
2 0.34453125 0.8796875 0.028125 0.0390625 
2 0.45390625 0.87890625 0.02734375 0.05078125 
2 0.2015625 0.8765625 0.0328125 0.03828125 
2 0.778125 0.8875 0.18515625 0.20625 
2 0.63828125 0.90390625 0.07109375 0.10625 
2 0.24609375 0.896875 0.05859375 0.0640625 
2 0.5078125 0.925 0.1515625 0.15 
