2 0.49140625 0.8734375 0.01875 0.025 
2 0.63984375 0.85234375 0.04375 0.04375 
2 0.24140625 0.86953125 0.02109375 0.03046875 
2 0.35625 0.86015625 0.01640625 0.021875 
6 0.39609375 0.6953125 0.01953125 0.01640625 
2 0.76796875 0.83671875 0.02734375 0.03359375 
2 0.3703125 0.92578125 0.0296875 0.11875 
2 0.7078125 0.83828125 0.025 0.05078125 
2 0.69609375 0.84140625 0.05 0.05390625 
2 0.6703125 0.84921875 0.0296875 0.04140625 
6 0.33046875 0.69921875 0.01953125 0.01640625 
2 0.084375 0.88671875 0.0359375 0.0890625 
2 0.26328125 0.90078125 0.04765625 0.08671875 
2 0.41171875 0.88203125 0.028125 0.0546875 
2 0.3828125 0.89140625 0.04609375 0.08125 
2 0.31953125 0.9265625 0.11640625 0.1390625 
2 0.15859375 0.9265625 0.14921875 0.14609375 
