2 0.0859375 0.89375 0.02578125 0.03828125 
3 0.65 0.83671875 0.0640625 0.09140625 
2 0.06171875 0.8890625 0.02890625 0.02890625 
2 0.65 0.83671875 0.06484375 0.0890625 
6 0.6203125 0.69375 0.02421875 0.0109375 
2 0.5046875 0.85625 0.0140625 0.025 
6 0.5578125 0.696875 0.02421875 0.0140625 
2 0.0203125 0.92109375 0.03984375 0.15625 
2 0.3859375 0.87890625 0.028125 0.06015625 
2 0.59375 0.8640625 0.04140625 0.05703125 
2 0.1390625 0.9265625 0.2 0.1453125 
2 0.43828125 0.890625 0.09296875 0.1484375 
2 0.7625 0.8984375 0.16640625 0.19921875 
