6 0.4921875 0.4328125 0.07578125 0.03828125 
2 0.4515625 0.8921875 0.0296875 0.04140625 
2 0.64453125 0.89296875 0.021875 0.07421875 
6 0.675 0.42109375 0.08359375 0.04375 
3 0.71953125 0.87578125 0.121875 0.2359375 
2 0.48515625 0.871875 0.02265625 0.0296875 
2 0.52890625 0.8765625 0.01328125 0.028125 
2 0.57421875 0.871875 0.021875 0.0296875 
2 0.16796875 0.94765625 0.32734375 0.1046875 
2 0.4109375 0.91640625 0.05234375 0.09375 
2 0.5484375 0.8734375 0.01796875 0.0265625 
2 0.61015625 0.88359375 0.028125 0.04140625 
2 0.51328125 0.88125 0.028125 0.040625 
2 0.565625 0.9140625 0.05390625 0.071875 
2 0.47734375 0.940625 0.096875 0.11875 
2 0.34921875 0.93359375 0.10625 0.12578125 
17 0.97890625 0.68046875 0.028125 0.115625 
