2 0.34375 0.80546875 0.05234375 0.05390625 
2 0.7265625 0.79375 0.02578125 0.0359375 
2 0.76640625 0.79296875 0.01875 0.03046875 
2 0.99375 0.7625 0.0125 0.0453125 
2 0.80703125 0.78515625 0.0328125 0.0484375 
2 0.7109375 0.8390625 0.05234375 0.08125 
7 0.45 0.640625 0.02109375 0.01640625 
7 0.50625 0.6375 0.01640625 0.015625 
2 0.70703125 0.796875 0.05 0.03515625 
2 0.43359375 0.80859375 0.0140625 0.0234375 
2 0.78046875 0.78984375 0.03203125 0.0390625 
2 0.9109375 0.8875 0.178125 0.225 
2 0.634375 0.83515625 0.16484375 0.1109375 
2 0.47578125 0.91015625 0.25859375 0.1796875 
2 0.1625 0.87109375 0.325 0.25390625 
