2 0.3328125 0.8546875 0.01875 0.03359375 
1 0.85546875 0.86953125 0.025 0.16953125 
5 0.85546875 0.85859375 0.0234375 0.1859375 
2 0.315625 0.85546875 0.01484375 0.0296875 
5 0.15390625 0.86875 0.11015625 0.14140625 
2 0.5015625 0.834375 0.01953125 0.034375 
2 0.7671875 0.896875 0.10546875 0.16875 
2 0.40703125 0.8359375 0.02109375 0.03515625 
2 0.15390625 0.86953125 0.1109375 0.14296875 
2 0.4796875 0.85546875 0.02265625 0.0484375 
2 0.528125 0.859375 0.0390625 0.06015625 
2 0.046875 0.92265625 0.09375 0.1546875 
2 0.9171875 0.83046875 0.103125 0.15625 
2 0.453125 0.86796875 0.053125 0.0796875 
2 0.97421875 0.84375 0.0515625 0.14453125 
2 0.65 0.9234375 0.1515625 0.14921875 
2 0.36640625 0.90390625 0.08984375 0.13046875 
