2 0.740625 0.8046875 0.0484375 0.0609375 
7 0.528125 0.74453125 0.01328125 0.01328125 
2 0.1203125 0.85703125 0.134375 0.2859375 
2 0.58984375 0.8328125 0.02109375 0.02890625 
2 0.63515625 0.83671875 0.02265625 0.04453125 
2 0.78125 0.8171875 0.0234375 0.04140625 
5 0.740625 0.8046875 0.04765625 0.0609375 
2 0.428125 0.85859375 0.0390625 0.05703125 
2 0.7171875 0.82734375 0.01953125 0.04140625 
2 0.54375 0.8359375 0.08203125 0.0640625 
5 0.91484375 0.80703125 0.10625 0.1703125 
2 0.8421875 0.81796875 0.01953125 0.03359375 
2 0.36953125 0.90234375 0.08671875 0.17890625 
2 0.609375 0.8421875 0.05234375 0.0546875 
2 0.80859375 0.81328125 0.06015625 0.05546875 
2 0.9859375 0.77578125 0.028125 0.0484375 
2 0.51796875 0.921875 0.28125 0.15546875 
2 0.253125 0.9125 0.203125 0.175 
