2 0.41796875 0.8140625 0.01796875 0.03515625 
2 0.909375 0.778125 0.059375 0.03984375 
2 0.34609375 0.81953125 0.02578125 0.03515625 
2 0.325 0.82109375 0.02578125 0.03203125 
2 0.95703125 0.7734375 0.0328125 0.03203125 
7 0.45 0.640625 0.02109375 0.015625 
7 0.50625 0.63671875 0.01640625 0.01484375 
2 0.42890625 0.8140625 0.02109375 0.03671875 
2 0.38671875 0.8125 0.07265625 0.053125 
2 0.653125 0.80234375 0.06484375 0.04140625 
2 0.9109375 0.8875 0.178125 0.225 
2 0.47578125 0.91015625 0.2578125 0.1796875 
2 0.16015625 0.86953125 0.3203125 0.2546875 
