2 0.53984375 0.853125 0.03203125 0.0546875 
2 0.5796875 0.828125 0.01171875 0.0203125 
2 0.58828125 0.82890625 0.0109375 0.0265625 
2 0.7203125 0.825 0.03125 0.05 
2 0.75390625 0.8359375 0.0328125 0.07578125 
2 0.4421875 0.86171875 0.0265625 0.04609375 
2 0.6171875 0.828125 0.05078125 0.0984375 
2 0.56640625 0.840625 0.021875 0.03046875 
2 0.12421875 0.93046875 0.24765625 0.1390625 
2 0.65 0.84609375 0.07109375 0.06953125 
2 0.2953125 0.88046875 0.0609375 0.0859375 
2 0.48515625 0.915625 0.1390625 0.16875 
6 0.5859375 0.67265625 0.028125 0.01484375 
6 0.5234375 0.68125 0.0265625 0.0171875 
