2 0.909375 0.77421875 0.040625 0.03671875 
5 0.7515625 0.77109375 0.03203125 0.06953125 
2 0.5234375 0.81640625 0.0265625 0.0296875 
2 0.7515625 0.7734375 0.03125 0.06875 
7 0.45 0.640625 0.02109375 0.01484375 
2 0.4234375 0.79453125 0.01015625 0.01875 
2 0.940625 0.7703125 0.03515625 0.03671875 
2 0.83046875 0.78125 0.028125 0.04375 
7 0.50546875 0.6375 0.01640625 0.015625 
2 0.5890625 0.815625 0.02421875 0.03203125 
2 0.98515625 0.76953125 0.025 0.0296875 
2 0.56015625 0.815625 0.04140625 0.034375 
2 0.7703125 0.7859375 0.04140625 0.05 
2 0.48203125 0.8171875 0.059375 0.03984375 
2 0.90390625 0.88984375 0.1921875 0.2203125 
2 0.1515625 0.8703125 0.30234375 0.25546875 
2 0.475 0.91015625 0.2578125 0.1796875 
