2 0.946875 0.7984375 0.03125 0.03984375 
11 0.4765625 0.76640625 0.021875 0.01171875 
2 0.99609375 0.81171875 0.0078125 0.071875 
2 0.925 0.83046875 0.02734375 0.0390625 
2 0.69296875 0.87265625 0.0265625 0.0359375 
5 0.32734375 0.89609375 0.10859375 0.20390625 
2 0.5765625 0.91796875 0.01796875 0.03828125 
11 0.5171875 0.76171875 0.02109375 0.01171875 
2 0.4515625 0.875 0.03671875 0.04609375 
2 0.95703125 0.82109375 0.04375 0.05859375 
2 0.409375 0.9046875 0.0609375 0.0984375 
2 0.5078125 0.9265625 0.15546875 0.14296875 
