2 0.67578125 0.85859375 0.03515625 0.04609375 
3 0.82421875 0.83984375 0.1078125 0.221875 
2 0.45 0.84140625 0.0171875 0.02421875 
2 0.3859375 0.92421875 0.06953125 0.140625 
2 0.6078125 0.8515625 0.0171875 0.03828125 
2 0.61796875 0.86796875 0.0203125 0.0640625 
2 0.59609375 0.875 0.02890625 0.0796875 
6 0.42578125 0.7015625 0.01796875 0.01484375 
2 0.46015625 0.86796875 0.025 0.05390625 
2 0.2109375 0.86171875 0.03046875 0.03828125 
2 0.4390625 0.88359375 0.03828125 0.103125 
2 0.634375 0.88515625 0.0421875 0.1 
2 0.4078125 0.8984375 0.06796875 0.13046875 
2 0.0796875 0.93046875 0.159375 0.13671875 
2 0.946875 0.89765625 0.103125 0.2046875 
2 0.5328125 0.9109375 0.16328125 0.1703125 
2 0.24765625 0.909375 0.08203125 0.1140625 
2 0.15625 0.91953125 0.14140625 0.1546875 
2 0.71171875 0.9125 0.11953125 0.14375 
2 0.33828125 0.9234375 0.15234375 0.15078125 
