2 0.18984375 0.86953125 0.0953125 0.259375 
1 0.765625 0.80703125 0.03671875 0.065625 
2 0.86015625 0.671875 0.0109375 0.01640625 
2 0.40625 0.89921875 0.04453125 0.075 
2 0.4734375 0.85546875 0.03046875 0.03671875 
2 0.23203125 0.8859375 0.0265625 0.06875 
2 0.975 0.78359375 0.02890625 0.05078125 
2 0.94140625 0.79375 0.071875 0.05703125 
2 0.865625 0.809375 0.034375 0.04140625 
2 0.51796875 0.925 0.27734375 0.14609375 
2 0.31796875 0.91484375 0.1765625 0.1703125 
6 0.52890625 0.75 0.01796875 0.009375 
