2 0.39453125 0.81875 0.01484375 0.028125 
5 0.36328125 0.7984375 0.05859375 0.075 
2 0.8359375 0.78359375 0.021875 0.0359375 
2 0.8453125 0.77890625 0.015625 0.03125 
7 0.446875 0.640625 0.01953125 0.01484375 
2 0.93125 0.77421875 0.03359375 0.034375 
2 0.67734375 0.7984375 0.01796875 0.034375 
2 0.42734375 0.81796875 0.021875 0.03046875 
2 0.4078125 0.81796875 0.021875 0.03203125 
7 0.50625 0.63671875 0.01640625 0.01484375 
2 0.89453125 0.7734375 0.046875 0.04921875 
2 0.6546875 0.8015625 0.06171875 0.03984375 
2 0.5546875 0.80546875 0.06953125 0.0515625 
2 0.30859375 0.80546875 0.04140625 0.0640625 
2 0.7640625 0.79296875 0.06328125 0.0390625 
2 0.86484375 0.77890625 0.034375 0.04453125 
2 0.9109375 0.8921875 0.178125 0.215625 
2 0.475 0.909375 0.2578125 0.18046875 
2 0.1625 0.8703125 0.325 0.253125 
