2 0.765625 0.79296875 0.01875 0.03046875 
2 0.725 0.79453125 0.03046875 0.0359375 
2 0.36640625 0.85859375 0.04140625 0.05703125 
2 0.70546875 0.7984375 0.0390625 0.03359375 
7 0.50625 0.63828125 0.01640625 0.01484375 
7 0.45 0.64140625 0.02109375 0.015625 
2 0.80546875 0.7859375 0.02890625 0.046875 
2 0.64765625 0.825 0.08984375 0.0796875 
2 0.57109375 0.7484375 0.04375 0.05546875 
2 0.78125 0.78984375 0.03046875 0.0390625 
2 0.50390625 0.82109375 0.04921875 0.05546875 
2 0.3125 0.8453125 0.0984375 0.10546875 
2 0.909375 0.89296875 0.18125 0.2109375 
2 0.475 0.92109375 0.2578125 0.15703125 
2 0.16328125 0.8703125 0.3265625 0.25625 
