2 0.6859375 0.86640625 0.028125 0.04296875 
2 0.61875 0.86640625 0.02734375 0.0640625 
2 0.58984375 0.859375 0.0234375 0.0515625 
2 0.6078125 0.84921875 0.0203125 0.0390625 
7 0.42265625 0.7046875 0.01875 0.01484375 
2 0.4421875 0.88203125 0.03828125 0.103125 
2 0.4609375 0.86484375 0.02578125 0.05546875 
2 0.64765625 0.884375 0.07421875 0.0953125 
2 0.7234375 0.8765625 0.075 0.08046875 
2 0.0984375 0.9296875 0.17578125 0.13359375 
2 0.4125 0.89609375 0.06328125 0.13203125 
2 0.53203125 0.909375 0.15703125 0.17421875 
2 0.2484375 0.90625 0.09375 0.115625 
2 0.346875 0.921875 0.14765625 0.1515625 
