2 0.54453125 0.84453125 0.01171875 0.02578125 
5 0.62109375 0.83671875 0.1015625 0.16640625 
0 0.0828125 0.85078125 0.0109375 0.084375 
3 0.621875 0.83671875 0.1015625 0.165625 
2 0.6203125 0.83671875 0.1015625 0.165625 
2 0.33984375 0.85625 0.02578125 0.03828125 
6 0.53984375 0.728125 0.01640625 0.0140625 
0 0.1015625 0.85390625 0.01171875 0.08828125 
2 0.5578125 0.85390625 0.02421875 0.03984375 
2 0.35703125 0.85703125 0.03984375 0.040625 
2 0.76875 0.91640625 0.15546875 0.16484375 
2 0.2484375 0.91328125 0.20234375 0.1734375 
17 0.26796875 0.7828125 0.0078125 0.03359375 
