2 0.259375 0.8515625 0.01953125 0.01953125 
2 0.3625 0.8625 0.01640625 0.0265625 
2 0.2828125 0.85859375 0.03203125 0.03125 
2 0.3203125 0.8453125 0.01796875 0.01640625 
2 0.46484375 0.87265625 0.046875 0.04921875 
2 0.66328125 0.81875 0.04296875 0.08125 
2 0.38984375 0.846875 0.03203125 0.03125 
2 0.0671875 0.8546875 0.0328125 0.03515625 
2 0.25 0.87578125 0.03828125 0.0609375 
2 0.54609375 0.8390625 0.08359375 0.115625 
2 0.4421875 0.93046875 0.27421875 0.1390625 
2 0.0546875 0.9046875 0.1046875 0.1109375 
2 0.20546875 0.88125 0.071875 0.0859375 
2 0.325 0.903125 0.0796875 0.109375 
