2 0.62578125 0.821875 0.021875 0.0515625 
2 0.16171875 0.8484375 0.01328125 0.03046875 
2 0.42421875 0.8875 0.10703125 0.10625 
2 0.47421875 0.85625 0.02734375 0.05078125 
2 0.31015625 0.86328125 0.04453125 0.06953125 
2 0.3921875 0.83359375 0.0328125 0.04140625 
2 0.290625 0.84140625 0.02578125 0.03046875 
2 0.44609375 0.92421875 0.26953125 0.15 
2 0.35625 0.87890625 0.06796875 0.0890625 
2 0.13515625 0.853125 0.0515625 0.06875 
2 0.52109375 0.85625 0.06484375 0.06015625 
2 0.25 0.8640625 0.0453125 0.06484375 
2 0.07734375 0.8890625 0.11953125 0.1046875 
2 0.19921875 0.8703125 0.07421875 0.0890625 
