2 0.57421875 0.84453125 0.025 0.040625 
2 0.865625 0.803125 0.02109375 0.04375 
2 0.93984375 0.82265625 0.05625 0.09375 
2 0.03515625 0.871875 0.02265625 0.040625 
2 0.62109375 0.8359375 0.01640625 0.02421875 
7 0.178125 0.49375 0.05546875 0.03125 
2 0.2921875 0.86171875 0.01328125 0.02421875 
4 0.2421875 0.92421875 0.04453125 0.096875 
2 0.425 0.85546875 0.03515625 0.04140625 
2 0.0609375 0.87109375 0.0484375 0.05 
2 0.5046875 0.853125 0.02421875 0.03515625 
2 0.56328125 0.846875 0.04375 0.04609375 
2 0.91015625 0.83203125 0.1078125 0.11328125 
2 0.78984375 0.90703125 0.12109375 0.175 
7 0.38515625 0.709375 0.02421875 0.01796875 
7 0.45 0.7046875 0.02421875 0.01484375 
