5 0.76796875 0.78359375 0.0375 0.05078125 
7 0.45 0.64140625 0.02109375 0.015625 
2 0.828125 0.78046875 0.02109375 0.04296875 
7 0.50546875 0.6375 0.015625 0.015625 
2 0.34296875 0.8046875 0.0375 0.05546875 
2 0.6140625 0.80546875 0.0390625 0.0359375 
2 0.98671875 0.77109375 0.025 0.028125 
2 0.6359375 0.803125 0.021875 0.03125 
2 0.7671875 0.784375 0.03671875 0.05 
2 0.725 0.790625 0.05234375 0.0453125 
2 0.434375 0.82109375 0.0265625 0.028125 
5 0.3953125 0.79296875 0.04609375 0.08046875 
2 0.68125 0.79140625 0.03515625 0.05 
2 0.91015625 0.88984375 0.17890625 0.2203125 
2 0.47578125 0.909375 0.2578125 0.18125 
2 0.16015625 0.86953125 0.3203125 0.2546875 
