2 0.46015625 0.846875 0.01953125 0.03515625 
2 0.28984375 0.86328125 0.01171875 0.0234375 
2 0.8859375 0.79921875 0.03046875 0.0359375 
7 0.16640625 0.4984375 0.03203125 0.02578125 
2 0.26796875 0.865625 0.01953125 0.0390625 
4 0.253125 0.91953125 0.0453125 0.1015625 
2 0.30390625 0.8609375 0.0171875 0.03359375 
2 0.44296875 0.85078125 0.02265625 0.03515625 
3 0.2078125 0.85546875 0.04921875 0.07109375 
2 0.50703125 0.85078125 0.0203125 0.03359375 
2 0.55859375 0.8484375 0.04375 0.0484375 
2 0.628125 0.84765625 0.03515625 0.0359375 
2 0.8171875 0.871875 0.10078125 0.146875 
7 0.45 0.70703125 0.0234375 0.0140625 
