5 0.97890625 0.7390625 0.040625 0.13359375 
2 0.7359375 0.8328125 0.01796875 0.02890625 
2 0.48046875 0.85859375 0.025 0.04140625 
6 0.6171875 0.66640625 0.02421875 0.01875 
3 0.97890625 0.740625 0.04140625 0.13828125 
6 0.35703125 0.45390625 0.06328125 0.034375 
2 0.66015625 0.85625 0.02734375 0.04453125 
2 0.25078125 0.871875 0.0390625 0.04921875 
6 0.49140625 0.45390625 0.0625 0.0359375 
2 0.0484375 0.9296875 0.09609375 0.140625 
2 0.58515625 0.86640625 0.04921875 0.07578125 
2 0.4984375 0.85859375 0.04296875 0.05 
2 0.55 0.9 0.07109375 0.1015625 
2 0.40234375 0.8609375 0.04375 0.04921875 
2 0.27578125 0.871875 0.05390625 0.05078125 
2 0.4265625 0.90078125 0.0875 0.10546875 
2 0.15234375 0.884375 0.071875 0.08203125 
