2 0.49921875 0.8265625 0.0140625 0.028125 
2 0.8546875 0.82734375 0.025 0.03046875 
2 0.48515625 0.834375 0.015625 0.02421875 
2 0.53984375 0.85703125 0.03203125 0.0484375 
2 0.715625 0.8640625 0.0296875 0.040625 
2 0.41796875 0.8484375 0.04375 0.05625 
2 0.3875 0.85078125 0.0296875 0.028125 
2 0.52109375 0.8390625 0.015625 0.028125 
2 0.61640625 0.87890625 0.04921875 0.0609375 
2 0.2640625 0.87578125 0.025 0.0546875 
2 0.353125 0.88671875 0.03515625 0.06953125 
2 0.878125 0.8828125 0.06484375 0.08203125 
2 0.63203125 0.8828125 0.040625 0.06015625 
2 0.46171875 0.8765625 0.04921875 0.08046875 
2 0.29765625 0.90078125 0.08203125 0.11640625 
2 0.3890625 0.9234375 0.10625 0.13046875 
6 0.571875 0.08359375 0.134375 0.10390625 
