2 0.62109375 0.84453125 0.02265625 0.03046875 
7 0.528125 0.74453125 0.01328125 0.01328125 
2 0.11875 0.85703125 0.1359375 0.2859375 
2 0.90703125 0.78828125 0.0265625 0.05 
2 0.42890625 0.859375 0.04140625 0.06171875 
2 0.54609375 0.8359375 0.07890625 0.065625 
2 0.47421875 0.853125 0.034375 0.0359375 
2 0.93671875 0.7890625 0.0640625 0.05390625 
2 0.59921875 0.84375 0.0453125 0.04453125 
2 0.3703125 0.903125 0.08671875 0.1796875 
2 0.97265625 0.78359375 0.025 0.0390625 
2 0.8265625 0.81640625 0.04453125 0.04609375 
2 0.7625 0.8234375 0.09765625 0.0734375 
2 0.51875 0.92578125 0.27890625 0.1484375 
2 0.25234375 0.9125 0.2015625 0.175 
