2 0.24140625 0.87890625 0.0171875 0.03359375 
2 0.54375 0.84453125 0.01484375 0.025 
2 0.2921875 0.86328125 0.01640625 0.02109375 
2 0.525 0.84296875 0.01015625 0.0234375 
2 0.025 0.87578125 0.02109375 0.04140625 
2 0.4078125 0.85078125 0.01171875 0.0203125 
2 0.4828125 0.8453125 0.01953125 0.021875 
4 0.2609375 0.9203125 0.040625 0.09296875 
2 0.009375 0.875 0.01796875 0.04296875 
2 0.1828125 0.87109375 0.02109375 0.03203125 
2 0.04140625 0.875 0.04140625 0.04609375 
2 0.58203125 0.84453125 0.021875 0.02890625 
2 0.5125 0.84765625 0.0203125 0.03046875 
2 0.15625 0.8703125 0.04140625 0.04453125 
6 0.04921875 0.5109375 0.05546875 0.02265625 
6 0.178125 0.49921875 0.05859375 0.02734375 
6 0.3859375 0.709375 0.02109375 0.01484375 
6 0.45 0.70625 0.02265625 0.01484375 
