2 0.54921875 0.83203125 0.01875 0.03203125 
2 0.55625 0.840625 0.01796875 0.0359375 
2 0.65390625 0.8453125 0.015625 0.03359375 
2 0.37578125 0.84609375 0.04296875 0.0453125 
2 0.86328125 0.82265625 0.0328125 0.0640625 
2 0.96875 0.8140625 0.0625 0.0984375 
6 0.5921875 0.49375 0.04296875 0.03046875 
2 0.6984375 0.8421875 0.028125 0.0453125 
6 0.46796875 0.5 0.040625 0.0296875 
2 0.4359375 0.88046875 0.06015625 0.08671875 
2 0.346875 0.8984375 0.10625 0.1140625 
2 0.49375 0.890625 0.078125 0.1109375 
2 0.759375 0.89296875 0.109375 0.1296875 
2 0.603125 0.8984375 0.1109375 0.178125 
