2 0.24296875 0.86484375 0.03671875 0.0515625 
2 0.33984375 0.85078125 0.028125 0.03828125 
2 0.44296875 0.8859375 0.05 0.08515625 
2 0.278125 0.86640625 0.0484375 0.046875 
7 0.5640625 0.64765625 0.02578125 0.01953125 
2 0.85546875 0.83046875 0.0765625 0.05390625 
2 0.20625 0.86640625 0.04140625 0.0484375 
2 0.4953125 0.85390625 0.02578125 0.040625 
2 0.52734375 0.846875 0.021875 0.034375 
2 0.10859375 0.8734375 0.04609375 0.04140625 
2 0.63671875 0.846875 0.02421875 0.03046875 
2 0.88984375 0.82421875 0.0296875 0.0515625 
2 0.58515625 0.85078125 0.03046875 0.05 
2 0.3671875 0.89453125 0.16796875 0.10703125 
2 0.7 0.846875 0.0375 0.04609375 
