2 0.675 0.8375 0.01015625 0.0234375 
2 0.77421875 0.83515625 0.03828125 0.04453125 
2 0.64296875 0.84140625 0.01484375 0.02421875 
2 0.81328125 0.83125 0.025 0.0359375 
2 0.95390625 0.92734375 0.0921875 0.13984375 
2 0.44609375 0.86875 0.025 0.03671875 
2 0.6875 0.91171875 0.03515625 0.109375 
2 0.88046875 0.925 0.22734375 0.15 
2 0.14453125 0.9296875 0.28828125 0.13359375 
2 0.52578125 0.9109375 0.178125 0.16328125 
2 0.721875 0.91875 0.09765625 0.13046875 
2 0.390625 0.90703125 0.1015625 0.1546875 
6 0.6234375 0.725 0.01875 0.0125 
6 0.58046875 0.72890625 0.015625 0.0109375 
