2 0.64375 0.82578125 0.01484375 0.021875 
2 0.65859375 0.825 0.015625 0.02578125 
2 0.8640625 0.8046875 0.02578125 0.04609375 
2 0.7734375 0.8125 0.015625 0.0359375 
0 0.43671875 0.859375 0.009375 0.04453125 
2 0.26640625 0.8609375 0.02734375 0.040625 
2 0.83515625 0.8140625 0.0359375 0.0453125 
2 0.49375 0.86796875 0.0265625 0.078125 
2 0.784375 0.81796875 0.02578125 0.04453125 
2 0.6296875 0.82890625 0.0171875 0.0234375 
2 0.8078125 0.81875 0.03203125 0.0484375 
2 0.6125 0.878125 0.03671875 0.09375 
2 0.93828125 0.9125 0.1234375 0.1734375 
2 0.725 0.878125 0.08515625 0.10859375 
2 0.23203125 0.8859375 0.08828125 0.0984375 
2 0.3328125 0.921875 0.14609375 0.1515625 
2 0.5484375 0.90625 0.13203125 0.18359375 
6 0.6265625 0.6796875 0.0203125 0.0171875 
6 0.571875 0.684375 0.02109375 0.0125 
