2 0.63671875 0.80859375 0.01953125 0.0203125 
2 0.68671875 0.80703125 0.02578125 0.01953125 
2 0.33828125 0.80546875 0.0375 0.05546875 
2 0.9828125 0.7609375 0.034375 0.05 
2 0.4890625 0.815625 0.0203125 0.028125 
2 0.66015625 0.80390625 0.0234375 0.02890625 
7 0.45 0.640625 0.02109375 0.015625 
7 0.50625 0.63671875 0.01640625 0.01484375 
2 0.5234375 0.8125 0.0765625 0.04921875 
2 0.453125 0.81328125 0.02109375 0.02578125 
2 0.37578125 0.81171875 0.06015625 0.05 
2 0.9109375 0.89375 0.178125 0.21171875 
2 0.475 0.91015625 0.259375 0.1796875 
2 0.1609375 0.87109375 0.321875 0.25546875 
