2 0.6 0.85234375 0.0234375 0.03046875 
2 0.52265625 0.859375 0.01875 0.03359375 
6 0.42421875 0.70625 0.025 0.0140625 
2 0.40546875 0.875 0.01796875 0.0390625 
2 0.3828125 0.87734375 0.03203125 0.06171875 
2 0.43359375 0.878125 0.03359375 0.06875 
2 0.27578125 0.87265625 0.03359375 0.03984375 
2 0.11484375 0.90234375 0.2296875 0.1953125 
2 0.46015625 0.9 0.06875 0.09453125 
2 0.34140625 0.9 0.07109375 0.09453125 
6 0.3734375 0.70625 0.025 0.01328125 
15 0.62265625 0.703125 0.0265625 0.01328125 
