0 0.27890625 0.83671875 0.00859375 0.05546875 
6 0.584375 0.7265625 0.0140625 0.0140625 
0 0.06484375 0.84921875 0.0125 0.071875 
5 0.42578125 0.8359375 0.09140625 0.18359375 
2 0.59140625 0.8484375 0.025 0.0390625 
2 0.53515625 0.84296875 0.00859375 0.021875 
2 0.66015625 0.87890625 0.03046875 0.0609375 
2 0.4265625 0.8359375 0.0921875 0.18125 
2 0.65703125 0.90390625 0.0375 0.10390625 
3 0.4265625 0.8359375 0.0921875 0.18359375 
2 0.33984375 0.85703125 0.03203125 0.0390625 
6 0.5390625 0.728125 0.0171875 0.0140625 
2 0.640625 0.86484375 0.0375 0.05546875 
2 0.4796875 0.853125 0.0140625 0.040625 
2 0.54609375 0.846875 0.01953125 0.03125 
2 0.359375 0.85703125 0.03984375 0.040625 
2 0.57421875 0.8671875 0.03984375 0.06171875 
2 0.69765625 0.9203125 0.1140625 0.159375 
