2 0.36953125 0.84453125 0.0296875 0.01875 
2 0.61796875 0.86640625 0.028125 0.0640625 
2 0.62890625 0.86953125 0.03984375 0.07578125 
2 0.59140625 0.8609375 0.025 0.05859375 
2 0.60859375 0.84921875 0.02109375 0.0390625 
7 0.42109375 0.703125 0.01875 0.01484375 
2 0.44140625 0.88125 0.0375 0.10390625 
2 0.46171875 0.865625 0.02578125 0.06015625 
2 0.6484375 0.884375 0.07421875 0.09375 
2 0.7234375 0.87578125 0.075 0.08125 
2 0.4125 0.89609375 0.06328125 0.13203125 
2 0.09765625 0.93046875 0.17578125 0.13515625 
2 0.53203125 0.909375 0.15625 0.1734375 
2 0.2484375 0.90625 0.09375 0.115625 
2 0.346875 0.921875 0.14765625 0.1515625 
