2 0.50859375 0.8625 0.0328125 0.04921875 
2 0.6125 0.84921875 0.01796875 0.03984375 
2 0.575 0.84375 0.03359375 0.06015625 
2 0.54765625 0.8390625 0.0125 0.021875 
2 0.88671875 0.83125 0.034375 0.05625 
2 0.5921875 0.85234375 0.04921875 0.046875 
2 0.5328125 0.85 0.0234375 0.0296875 
2 0.3796875 0.86875 0.03828125 0.05 
2 0.3328125 0.87421875 0.03359375 0.04375 
2 0.12109375 0.9296875 0.24140625 0.140625 
2 0.46328125 0.921875 0.1515625 0.15390625 
6 0.553125 0.73671875 0.01875 0.01015625 
6 0.5109375 0.74140625 0.0171875 0.00859375 
