2 0.72109375 0.828125 0.01171875 0.01640625 
2 0.01328125 0.8640625 0.01875 0.02421875 
2 0.5546875 0.846875 0.0109375 0.01484375 
2 0.00390625 0.8625 0.00703125 0.025 
2 0.52890625 0.84765625 0.01171875 0.02109375 
2 0.5984375 0.8578125 0.0171875 0.03203125 
2 0.48203125 0.859375 0.01484375 0.0296875 
2 0.46875 0.85859375 0.01640625 0.03046875 
2 0.44609375 0.8640625 0.03125 0.04296875 
2 0.40234375 0.8734375 0.046875 0.06171875 
2 0.29921875 0.90234375 0.09375 0.096875 
2 0.6203125 0.8796875 0.05625 0.0703125 
