7 0.15 0.384375 0.03203125 0.0265625 
2 0.2890625 0.865625 0.02578125 0.04140625 
2 0.47890625 0.83828125 0.01796875 0.03359375 
2 0.421875 0.8515625 0.021875 0.03359375 
2 0.21328125 0.86796875 0.0546875 0.04609375 
2 0.584375 0.81640625 0.02734375 0.03515625 
2 0.44765625 0.846875 0.02578125 0.03359375 
7 0.596875 0.596875 0.03359375 0.021875 
7 0.49921875 0.60703125 0.03671875 0.02421875 
2 0.665625 0.8890625 0.07109375 0.1390625 
2 0.7859375 0.878125 0.1953125 0.23515625 
2 0.14375 0.92734375 0.2796875 0.1453125 
2 0.540625 0.909375 0.16171875 0.178125 
7 0.49296875 0.7359375 0.01796875 0.0078125 
