2 0.29765625 0.85703125 0.01015625 0.040625 
2 0.3515625 0.8515625 0.01796875 0.03203125 
2 0.34140625 0.8515625 0.01484375 0.03046875 
2 0.47578125 0.859375 0.021875 0.0453125 
2 0.24765625 0.8515625 0.05 0.04453125 
2 0.1125 0.87890625 0.06484375 0.0609375 
2 0.45234375 0.86875 0.04296875 0.06953125 
2 0.31640625 0.859375 0.0421875 0.05625 
2 0.0390625 0.88984375 0.07734375 0.13359375 
2 0.3984375 0.88828125 0.08984375 0.128125 
2 0.1828125 0.92734375 0.275 0.1453125 
2 0.5234375 0.9109375 0.10078125 0.15 
