2 0.321875 0.8515625 0.01484375 0.02109375 
2 0.51015625 0.85 0.01796875 0.0296875 
2 0.40078125 0.86953125 0.02578125 0.05703125 
2 0.253125 0.85 0.0171875 0.02578125 
2 0.56875 0.84375 0.03984375 0.0796875 
5 0.09375 0.8609375 0.08046875 0.103125 
2 0.4859375 0.853125 0.01796875 0.040625 
2 0.40546875 0.85859375 0.01953125 0.0453125 
2 0.62734375 0.87890625 0.03515625 0.078125 
2 0.16328125 0.853125 0.02421875 0.03671875 
2 0.478125 0.85859375 0.02109375 0.04140625 
2 0.60546875 0.87265625 0.0328125 0.0640625 
2 0.64609375 0.89140625 0.04453125 0.1015625 
2 0.14609375 0.85390625 0.02109375 0.03828125 
2 0.45390625 0.86875 0.046875 0.06640625 
2 0.07109375 0.86328125 0.059375 0.09609375 
2 0.52421875 0.86875 0.03984375 0.05625 
2 0.359375 0.89453125 0.09609375 0.109375 
2 0.690625 0.909375 0.08984375 0.1453125 
2 0.81953125 0.90078125 0.215625 0.196875 
