2 0.06796875 0.865625 0.02265625 0.04140625 
2 0.159375 0.8640625 0.0328125 0.0296875 
2 0.340625 0.859375 0.01171875 0.0265625 
5 0.08359375 0.865625 0.04375 0.04921875 
2 0.434375 0.85390625 0.02265625 0.03828125 
4 0.32734375 0.89609375 0.02734375 0.0640625 
2 0.08359375 0.865625 0.04296875 0.046875 
7 0.27109375 0.59375 0.040625 0.0203125 
2 0.32734375 0.89375 0.028125 0.06484375 
2 0.31171875 0.8640625 0.01640625 0.02578125 
2 0.83984375 0.821875 0.0203125 0.03828125 
2 0.81328125 0.825 0.0515625 0.04609375 
2 0.90625 0.8921875 0.1875 0.215625 
2 0.21640625 0.9265625 0.246875 0.146875 
15 0.175 0.60234375 0.04140625 0.0203125 
7 0.3984375 0.7296875 0.021875 0.0109375 
7 0.45546875 0.7265625 0.0203125 0.01015625 
