2 0.42890625 0.86171875 0.04140625 0.0609375 
7 0.528125 0.74453125 0.01484375 0.01328125 
2 0.7375 0.80546875 0.04296875 0.06171875 
5 0.7359375 0.80625 0.0421875 0.06015625 
2 0.97265625 0.77578125 0.0234375 0.040625 
2 0.90703125 0.78984375 0.0328125 0.05 
2 0.76796875 0.80859375 0.02734375 0.0453125 
2 0.4703125 0.85546875 0.0265625 0.03125 
2 0.37109375 0.903125 0.08203125 0.1765625 
2 0.9890625 0.78046875 0.021875 0.05390625 
2 0.65625 0.8359375 0.0296875 0.04609375 
2 0.93671875 0.78828125 0.0625 0.05546875 
2 0.5453125 0.8359375 0.08125 0.06484375 
2 0.628125 0.8390625 0.053125 0.0484375 
2 0.51953125 0.928125 0.278125 0.140625 
2 0.253125 0.91328125 0.20078125 0.1734375 
