2 0.47734375 0.83359375 0.015625 0.02578125 
5 0.9078125 0.8203125 0.06953125 0.1 
2 0.47109375 0.83359375 0.01484375 0.02421875 
2 0.9078125 0.82109375 0.071875 0.096875 
2 0.93046875 0.840625 0.0578125 0.071875 
2 0.4515625 0.83671875 0.015625 0.02578125 
2 0.41328125 0.8359375 0.0296875 0.0390625 
6 0.77734375 0.57890625 0.02734375 0.02421875 
2 0.87890625 0.8078125 0.0234375 0.053125 
2 0.86328125 0.796875 0.015625 0.03125 
2 0.37265625 0.84296875 0.028125 0.0296875 
2 0.75390625 0.81796875 0.040625 0.04609375 
2 0.578125 0.840625 0.05234375 0.05546875 
2 0.32265625 0.85703125 0.04921875 0.05546875 
