2 0.73984375 0.8390625 0.0140625 0.01953125 
2 0.52890625 0.85703125 0.009375 0.01875 
2 0.54375 0.8578125 0.0125 0.01953125 
2 0.86171875 0.83359375 0.025 0.03828125 
2 0.55859375 0.85859375 0.015625 0.02421875 
2 0.28125 0.8828125 0.0296875 0.02890625 
2 0.83125 0.840625 0.05625 0.046875 
2 0.50390625 0.859375 0.01640625 0.0265625 
2 0.19453125 0.88515625 0.03125 0.03359375 
2 0.01484375 0.89453125 0.0296875 0.0421875 
2 0.228125 0.88203125 0.03359375 0.04375 
2 0.3359375 0.9328125 0.153125 0.134375 
2 0.11953125 0.934375 0.20078125 0.13125 
6 0.1515625 0.4875 0.05703125 0.0265625 
6 0.38203125 0.72265625 0.02578125 0.01640625 
6 0.44921875 0.71953125 0.0234375 0.01484375 
