2 0.58515625 0.8453125 0.021875 0.04453125 
7 0.528125 0.74453125 0.01484375 0.01328125 
2 0.796875 0.79375 0.03125 0.03046875 
2 0.12109375 0.85625 0.13203125 0.28671875 
2 0.42890625 0.859375 0.04140625 0.06171875 
2 0.6 0.8359375 0.028125 0.0515625 
2 0.82109375 0.80546875 0.04375 0.05390625 
2 0.9078125 0.784375 0.02578125 0.046875 
2 0.54765625 0.8359375 0.0875 0.06484375 
2 0.3703125 0.90234375 0.08515625 0.18046875 
2 0.93515625 0.7859375 0.0640625 0.05546875 
2 0.97890625 0.78046875 0.0421875 0.05390625 
2 0.76171875 0.821875 0.06484375 0.059375 
2 0.51875 0.9234375 0.28046875 0.15078125 
2 0.25234375 0.9125 0.2015625 0.175 
