2 0.22109375 0.85546875 0.021875 0.03359375 
2 0.99375 0.82109375 0.0125 0.053125 
2 0.91484375 0.81875 0.034375 0.0515625 
2 0.975 0.81953125 0.04375 0.05859375 
2 0.940625 0.8265625 0.040625 0.046875 
2 0.175 0.85234375 0.02265625 0.053125 
11 0.47265625 0.67421875 0.03203125 0.015625 
2 0.20625 0.85859375 0.04453125 0.046875 
2 0.36015625 0.85703125 0.02421875 0.03203125 
2 0.2828125 0.86953125 0.046875 0.05390625 
2 0.83359375 0.88203125 0.16640625 0.2234375 
2 0.65078125 0.8890625 0.084375 0.11484375 
2 0.49921875 0.915625 0.15625 0.165625 
