7 0.528125 0.74453125 0.01328125 0.01328125 
2 0.7375 0.803125 0.04453125 0.0640625 
2 0.90703125 0.78203125 0.028125 0.0453125 
5 0.73828125 0.803125 0.04453125 0.0640625 
2 0.1203125 0.85703125 0.13203125 0.2859375 
2 0.453125 0.85625 0.01953125 0.03125 
2 0.76640625 0.81171875 0.028125 0.04140625 
2 0.4296875 0.85859375 0.04296875 0.059375 
2 0.82265625 0.80625 0.0390625 0.05 
2 0.5453125 0.834375 0.08046875 0.0640625 
2 0.6234375 0.84140625 0.07421875 0.06328125 
2 0.36953125 0.90234375 0.084375 0.17890625 
2 0.85625 0.8015625 0.065625 0.0609375 
2 0.51875 0.925 0.28046875 0.15 
2 0.253125 0.9125 0.203125 0.175 
