2 0.58046875 0.83828125 0.01953125 0.0390625 
0 0.10625 0.8421875 0.01015625 0.07890625 
0 0.12734375 0.84453125 0.0109375 0.0859375 
2 0.81171875 0.8234375 0.0171875 0.02109375 
6 0.584375 0.72578125 0.0140625 0.01484375 
2 0.5359375 0.840625 0.01171875 0.021875 
0 0.0640625 0.85703125 0.01796875 0.09375 
2 0.3390625 0.85703125 0.03359375 0.03984375 
6 0.53984375 0.728125 0.01640625 0.0140625 
2 0.3578125 0.85703125 0.04140625 0.040625 
2 0.54921875 0.84921875 0.0171875 0.03125 
2 0.571875 0.86015625 0.03203125 0.05390625 
2 0.41328125 0.88125 0.06875 0.09609375 
